40.4363	40.3148	0	-4.905 | 40.4247	42.0431	0	-4.905 | 39.9338	42.2759	0	-4.905 | 40.3904	43.7776	0	-4.905 | 40.2292	45.9444	0	-4.905 | 
40.4363	40.2657	-6.53897e-20	-9.81 | 40.4483	41.9828	7.25933e-17	-9.81 | 39.9102	42.2381	4.413e-17	-9.81 | 40.3904	43.7285	-0.00220133	-9.81 | 40.2296	45.8962	0.0608748	-9.63613 | 
40.4363	40.1921	-1.46136e-06	-14.715 | 40.4607	41.9034	0.000369606	-14.7155 | 39.8978	42.1704	-0.000444728	-14.7155 | 40.3903	43.655	-0.0143662	-14.7126 | 40.2301	45.8248	0.117617	-14.2899 | 
40.4362	40.0943	-0.0320209	-19.5605 | 40.4688	41.8014	0.0027298	-19.6184 | 39.8897	42.0761	-0.00261238	-19.621 | 40.3902	43.5569	-0.0286534	-19.6109 | 40.2297	45.7296	-0.0781825	-19.0277 | 
40.4358	39.9766	-0.0733843	-23.5528 | 40.4746	41.6757	-0.0146002	-24.5966 | 39.8839	41.9562	0.0166474	-24.5439 | 40.39	43.4344	-0.0308267	-24.5101 | 40.2294	45.61	-0.0781825	-23.9327 | 
40.4357	39.8351	-0.0233378	-28.3007 | 40.4788	41.525	-0.048827	-29.7278 | 39.8799	41.8107	0.0762125	-29.5089 | 40.3898	43.2873	-0.0402387	-29.4165 | 40.229	45.4658	-0.0781825	-28.8377 | 
40.4356	39.6694	-0.022885	-33.1327 | 40.482	41.35	-0.0602348	-34.6498 | 39.8769	41.6403	0.100834	-34.4274 | 40.3896	43.1157	-0.0396123	-34.3194 | 40.2286	45.2971	-0.0773009	-33.7427 | 
40.4352	39.4794	-0.0765621	-38.0105 | 40.4846	41.1508	-0.0594281	-39.5557 | 39.8744	41.445	0.090795	-39.3359 | 40.3895	42.9196	-0.036653	-39.2254 | 40.2282	45.1038	-0.0761823	-38.647 | 
40.4348	39.2647	-0.0807256	-42.9284 | 40.4868	40.9282	-0.0640131	-44.2853 | 39.8726	41.2254	0.143239	-44.1496 | 40.3912	42.711	0.356913	-41.7152 | 40.2245	44.8924	-0.739102	-42.2879 | 
40.4344	39.0255	-0.081141	-47.8384 | 40.4896	40.6802	0.133718	-49.4052 | 39.8704	40.98	-0.0217539	-49.2922 | 40.3906	42.4841	-0.123399	-45.3776 | 40.2253	44.6545	0.167372	-47.5772 | 
40.4329	38.776	-0.291194	-49.902 | 40.4913	40.408	-0.0146189	-54.2611 | 39.8687	40.7101	0.0248218	-54.1575 | 40.3901	42.232	-0.113884	-50.4163 | 40.2229	44.3939	-0.494877	-52.1187 | 
40.4317	38.5004	-0.234556	-55.1231 | 40.4928	40.1113	-0.0225869	-59.1807 | 39.8678	40.4156	0.136954	-59.0531 | 40.3898	41.9563	-0.0465014	-55.14 | 40.2208	44.1088	-0.415505	-57.0237 | 
40.4305	38.2005	-0.2557	-59.9808 | 40.4943	39.7903	0.0119807	-64.0611 | 39.867	40.0966	0.131959	-63.9309 | 40.3923	41.6757	0.485703	-56.1223 | 40.2139	43.8068	-1.37747	-60.3987 | 
40.4259	37.8782	-0.92065	-64.4677 | 40.4928	39.4423	-0.549493	-69.4732 | 39.8675	39.7522	0.357122	-69.0204 | 40.392	41.3772	-0.0519668	-59.7045 | 40.2088	43.4714	-1.01423	-67.0795 | 
40.4218	37.5319	-0.819772	-69.2592 | 40.492	39.0677	-0.424655	-74.7946 | 39.8708	39.3831	0.912473	-73.9343 | 40.3919	41.0563	-0.0251121	-64.1708 | 40.204	43.1115	-0.963899	-71.9845 | 
40.4172	37.1609	-0.913261	-74.1986 | 40.4932	38.6676	-0.0205973	-79.8765 | 39.8715	38.9891	0.409938	-78.9351 | 40.3915	40.7115	-0.0652777	-68.9708 | 40.1979	42.7285	-1.21305	-76.6006 | 
40.4117	36.7709	-1.09656	-77.9997 | 40.493	38.2406	-0.281606	-85.2904 | 39.8737	38.5682	0.682027	-84.3038 | 40.3918	40.3397	0.0471566	-74.3552 | 40.1943	42.3186	-0.724047	-81.9863 | 
40.4055	36.3554	-1.25179	-83.0983 | 40.4922	37.7888	-0.383048	-90.2304 | 39.8755	38.1228	0.577242	-89.2038 | 40.3925	39.9467	0.144407	-78.6047 | 40.1921	41.8841	-0.437758	-86.8913 | 
40.3995	35.9176	-1.19954	-87.5657 | 40.4904	37.3103	-0.587678	-95.5911 | 39.8773	37.6516	0.596358	-94.3595 | 40.3926	39.5226	0.0248823	-84.8102 | 40.194	41.4309	0.365513	-90.645 | 
40.3935	35.4541	-1.19849	-92.6876 | 40.4889	36.8067	-0.515384	-100.596 | 39.8788	37.156	0.520862	-99.258 | 40.3931	39.0745	0.101751	-89.6284 | 40.1924	40.9522	-0.305083	-95.7339 | 
40.387	34.9652	-1.28685	-97.7727 | 40.4883	36.2806	-0.325681	-105.1 | 39.8793	36.6358	0.296511	-104.145 | 40.3933	38.5964	0.0410794	-95.6206 | 40.1954	40.4719	0.601692	-96.0566 | 
40.3805	34.4508	-1.30051	-102.889 | 40.4879	35.7294	-0.271882	-110.114 | 39.8795	36.0909	0.236431	-109.095 | 40.3931	38.0949	-0.0379943	-100.296 | 40.1933	39.9684	-0.420472	-100.707 | 
40.3736	33.9093	-1.38987	-108.299 | 40.4873	35.1548	-0.297472	-114.838 | 39.8794	35.5212	0.152524	-114.037 | 40.3929	37.5645	-0.0437412	-106.085 | 40.1962	39.4653	0.572536	-100.608 | 
40.3671	33.3448	-1.29098	-112.892 | 40.4869	34.5553	-0.245575	-119.799 | 39.8791	34.9271	0.0990687	-118.915 | 40.3924	37.0112	-0.109012	-110.663 | 40.194	38.9384	-0.446148	-105.39 | 
40.3606	32.7552	-1.31346	-117.929 | 40.4858	33.9312	-0.347665	-124.738 | 39.8711	34.3117	-1.47818	-123.159 | 40.385	36.5022	-1.47739	-101.796 | 40.1961	38.4052	0.422083	-106.643 | 
40.3545	32.1404	-1.20941	-122.953 | 40.4821	33.2837	-0.827953	-129.45 | 39.8739	33.6691	0.64443	-128.573 | 40.3813	35.949	-0.738655	-110.629 | 40.193	37.8473	-0.623108	-111.573 | 
40.3451	31.5078	-1.88709	-126.518 | 40.4802	32.6127	-0.479837	-134.135 | 39.8739	33.0038	0.106803	-133.137 | 40.3786	35.3774	-0.532041	-114.331 | 40.1843	37.2631	-1.73115	-116.835 | 
40.3389	30.8517	-1.2386	-131.233 | 40.481	31.9138	0.0789254	-139.711 | 39.8729	32.3137	-0.114067	-138.072 | 40.376	34.7781	-0.53065	-119.864 | 40.1736	36.6544	-2.15056	-121.74 | 
40.3339	30.173	-0.991537	-135.742 | 40.4788	31.1931	-0.500287	-144.11 | 39.8716	31.6016	-0.20472	-142.465 | 40.3725	34.1541	-0.695738	-124.794 | 40.1621	36.018	-2.29397	-127.297 | 
40.3269	29.4742	-1.41098	-139.746 | 40.4773	30.4469	-0.357142	-149.214 | 39.8618	30.8622	-1.90455	-147.897 | 40.365	33.5166	-1.49446	-127.509 | 40.1503	35.3578	-2.35799	-132.024 | 
40.3234	28.75	-0.687496	-144.848 | 40.4827	29.6726	1.07124	-154.844 | 39.8725	30.0993	2.16505	-152.605 | 40.3608	32.8568	-0.838642	-131.945 | 40.1356	34.6736	-2.94747	-136.85 | 
40.3219	27.9912	-0.300574	-151.768 | 40.491	28.8803	1.63999	-158.444 | 39.8792	29.3148	1.3634	-156.906 | 40.358	32.1713	-0.570209	-137.098 | 40.1181	33.9616	-3.48938	-142.387 | 
40.3203	27.2121	-0.332722	-155.82 | 40.4966	28.0666	1.11035	-162.729 | 39.8856	28.5058	1.2774	-161.821 | 40.3515	31.4697	-1.29921	-140.33 | 40.1083	33.2354	-1.9544	-145.255 | 
40.3213	26.4133	0.212968	-159.746 | 40.5037	27.2265	1.41362	-168.003 | 39.8917	27.6695	1.22625	-167.256 | 40.3483	30.7495	-0.635928	-144.04 | 40.0896	32.4829	-3.74309	-150.492 | 
40.3224	25.5852	0.221603	-165.619 | 40.5132	26.3673	1.88616	-171.849 | 39.8981	26.81	1.28474	-171.91 | 40.3391	30.0018	-1.83584	-149.531 | 40.0663	31.7057	-4.66713	-155.446 | 
40.324	24.7291	0.317277	-171.22 | 40.5247	25.487	2.28867	-176.049 | 39.9034	25.9268	1.07861	-176.65 | 40.3239	29.2665	-3.04958	-147.077 | 40.0353	30.9022	-6.20465	-160.701 | 
40.3259	23.8465	0.36498	-176.538 | 40.5376	24.5845	2.57799	-180.505 | 39.893	25.0211	-2.07537	-181.137 | 40.3113	28.5155	-2.5085	-150.182 | 40.0012	30.0746	-6.80707	-165.519 | 
40.3282	22.9311	0.465711	-183.079 | 40.5499	23.6589	2.46286	-185.109 | 39.8875	24.0927	-1.1051	-185.672 | 40.2991	27.7558	-2.44701	-151.944 | 39.9584	29.2228	-8.57281	-170.358 | 
40.3308	22.0015	0.530641	-185.9 | 40.5621	22.7078	2.45083	-190.242 | 39.8793	23.1406	-1.644	-190.427 | 40.2881	26.9678	-2.19794	-157.603 | 39.919	28.3462	-7.87291	-175.321 | 
40.3208	21.1029	-2.00434	-179.693 | 40.5808	21.7612	3.71707	-189.333 | 39.8632	22.1702	-3.21394	-194.083 | 40.2794	26.1571	-1.73652	-162.141 | 39.8844	27.4403	-6.9142	-181.17 | 
40.2913	20.2677	-5.82177	-166.874 | 40.6106	20.805	5.89238	-191.419 | 39.8379	21.1731	-5.05526	-199.413 | 40.266	25.3258	-2.68299	-166.258 | 39.8519	26.5008	-6.51034	-187.9 | 
40.1958	20.0365	-18.2243	-44.7483 | 40.752	20.1863	27.4033	-125.232 | 39.725	20.2219	-22.588	-190.247 | 40.2576	24.4735	-1.68995	-170.471 | 39.8207	25.5344	-6.2403	-193.292 | 
40.2298	20.0074	3.30504	-2.14696 | 41.1547	20.0813	77.0853	-21.9241 | 39.4377	20.1272	-50.504	-21.6601 | 40.2495	23.5883	-1.62072	-177.023 | 39.7898	24.546	-6.17261	-197.685 | 
40.2461	20.0042	3.27764	-0.653405 | 41.6098	20.0364	91.012	-8.98866 | 39.1145	20.0753	-64.6412	-10.385 | 40.2412	22.6712	-1.65599	-183.421 | 39.7581	23.5386	-6.3438	-201.477 | 
40.2307	20.0029	-3.08224	-0.249334 | 42.1371	20.0183	105.471	-3.61325 | 38.7474	20.0562	-73.4291	-3.83319 | 40.2323	21.7412	-1.77801	-186.005 | 39.7243	22.5081	-6.75862	-206.085 | 
40.077	20.001	-30.7452	-0.379458 | 42.6644	20.0095	105.459	-1.77279 | 38.3786	20.0364	-73.7571	-3.9416 | 40.2191	20.8325	-2.6344	-181.751 | 39.6893	21.4657	-7.00819	-208.496 | 
39.8654	20.0001	-42.3122	-0.190592 | 43.1913	20.005	105.371	-0.900292 | 38.0016	20.0246	-75.4104	-2.37305 | 40.1704	20.0695	-9.73774	-152.593 | 39.6433	20.432	-9.19828	-206.731 | 
39.7735	20	-0.0925986	2.37216e-06 | 43.719	20.0028	105.547	-0.427945 | 37.6225	20.0272	-75.8124	0.523477 | 40.6528	20.0231	73.0403	-13.6198 | 39.5193	20.169	-19.6675	-61.2064 | 
39.9117	20	8.03927	4.66779e-07 | 44.2444	20.0016	105.076	-0.242165 | 37.2439	20.0287	-75.7122	0.310401 | 41.182	20.01	105.85	-2.61937 | 39.1524	20.0824	-53.7818	-30.3459 | 
40.0395	20	25.5561	3.65559e-07 | 44.7712	20.001	105.351	-0.131295 | 36.8572	20.0305	-77.347	0.346517 | 41.7116	20.0046	105.929	-1.08618 | 38.8083	20.0437	-68.8057	-7.73597 | 
40.1186	20	15.8057	2.79616e-08 | 45.2961	20.0006	104.994	-0.0740698 | 36.4722	20.0296	-77.0039	-0.17658 | 42.2749	20.0024	112.655	-0.437894 | 38.4553	20.023	-70.6095	-4.15071 | 
40.191	20	14.4805	-6.46925e-09 | 45.8226	20.0004	105.295	-0.0449733 | 36.0852	20.0294	-77.3884	-0.0307359 | 42.8396	20.0013	112.938	-0.214623 | 38.1092	20.0108	-69.2118	-2.44327 | 
40.2602	20	13.8469	5.0334e-08 | 46.3481	20.0002	105.091	-0.0251611 | 35.6962	20.0292	-77.804	-0.0515169 | 43.4021	20.0008	112.488	-0.107853 | 37.7616	20.0064	-69.5276	-0.884182 | 
40.3272	20	13.394	3.11172e-08 | 46.8748	20.0001	105.348	-0.0169054 | 35.3081	20.0276	-77.6306	-0.308396 | 43.9654	20.0004	112.662	-0.0674549 | 37.4025	20.0036	-71.8183	-0.555906 | 
40.3941	20	13.3796	1.32679e-08 | 47.4013	20.0001	105.292	-0.00932384 | 34.916	20.0264	-78.4068	-0.250856 | 44.5287	20.0003	112.669	-0.0302975 | 37.044	20.002	-71.7023	-0.322708 | 
40.4608	20	13.352	3.0048e-08 | 47.9284	20.0001	105.436	-0.00688265 | 34.5248	20.0252	-78.2536	-0.245345 | 45.0917	20.0002	112.595	-0.0224683 | 36.6856	20.0012	-71.6833	-0.145161 | 
40.5275	20	13.335	1.34136e-08 | 48.4559	20	105.481	-0.00371985 | 34.1335	20.0235	-78.2439	-0.342921 | 45.6539	20.0001	112.443	-0.0108129 | 36.3221	20.0007	-72.6898	-0.0979714 | 
40.5943	20	13.3523	5.02864e-09 | 48.9836	20	105.555	-0.00300911 | 33.7401	20.022	-78.6938	-0.291713 | 46.2142	20.0001	112.064	-0.00760628 | 35.9592	20.0005	-72.5762	-0.0569879 | 
40.6613	20	13.4123	7.57669e-09 | 49.5116	20	105.589	-0.00158372 | 33.3471	20.0197	-78.5957	-0.45045 | 46.7748	20	112.125	-0.00445335 | 35.5955	20.0003	-72.7495	-0.0300285 | 
40.7288	20	13.5013	-2.35958e-08 | 50.0394	20	105.568	-0.00138453 | 32.9528	20.0178	-78.8672	-0.388275 | 47.3339	20	111.803	-0.00285567 | 35.2307	20.0002	-72.9539	-0.0226392 | 
40.7966	20	13.5546	2.49075e-08 | 50.5667	20	105.467	-0.000757532 | 32.5588	20.0162	-78.7838	-0.311364 | 47.8938	20	111.983	-0.00197042 | 34.8656	20.0001	-73.0171	-0.0131641 | 
40.8643	20	13.5305	8.11737e-09 | 51.0936	20	105.367	-0.000653313 | 32.1649	20.0144	-78.7854	-0.375275 | 48.4534	20	111.934	-0.001145 | 34.4987	20.0001	-73.3864	-0.00803296 | 
40.9314	20	13.4305	-2.25317e-08 | 51.6198	20	105.245	-0.000392662 | 31.7692	20.0129	-79.1421	-0.29928 | 49.0134	20	111.999	-0.00092002 | 34.1318	20.0001	-73.3846	-0.00636602 | 
40.998	20	13.3136	5.98756e-08 | 52.1453	20	105.092	-0.000328109 | 31.3737	20.0115	-79.107	-0.282614 | 49.5733	20	111.971	-0.000489276 | 33.7636	20	-73.623	-0.00347968 | 
41.0643	20	13.2722	3.94936e-08 | 52.6703	20	105.015	-0.000213529 | 30.978	20.01	-79.1402	-0.281165 | 50.1325	20	111.843	-0.000418731 | 33.3934	20	-74.0452	-0.00245582 | 
41.1316	20	13.4529	-4.72542e-08 | 53.1945	20	104.837	-0.00017282 | 30.5825	20.009	-79.0971	-0.20986 | 50.6911	20	111.713	-0.000254113 | 33.0235	20	-73.9762	-0.00182312 | 
41.1998	20	13.6362	8.83247e-08 | 53.7186	20	104.822	-0.000120567 | 30.1869	20.0079	-79.1172	-0.229049 | 51.2484	20	111.456	-0.000197904 | 32.6536	20	-73.996	-0.00101704 | 
41.2685	20	13.7459	2.01728e-08 | 54.242	20	104.672	-9.42965e-05 | 29.7903	20.0069	-79.3175	-0.188071 | 51.8058	20	111.493	-0.000139049 | 32.2819	20	-74.3231	-0.000839014 | 
41.3374	20	13.7754	2.90444e-08 | 54.7656	20	104.715	-6.99076e-05 | 29.3938	20.0061	-79.294	-0.16911 | 52.3626	20	111.361	-9.78884e-05 | 31.9103	20	-74.3341	-0.000584307 | 
41.4062	20	13.754	-4.36462e-09 | 55.2887	20	104.622	-5.28016e-05 | 28.9973	20.0052	-79.3065	-0.166831 | 52.9199	20	111.462	-7.83911e-05 | 31.5383	20	-74.4039	-0.000375463 | 
41.4748	20	13.7277	-1.31391e-09 | 55.8122	20	104.704	-4.15051e-05 | 28.602	20.0041	-79.0623	-0.225968 | 53.4775	20	111.503	-4.96991e-05 | 31.166	20	-74.4469	-0.000328851 | 
41.5434	20	13.7157	-3.54305e-08 | 56.3356	20	104.678	-3.0282e-05 | 28.208	20.0033	-78.7969	-0.157064 | 54.0351	20	111.527	-4.50905e-05 | 30.7928	20	-74.6471	-0.000209176 | 
41.6121	20	13.7447	-5.02464e-08 | 56.8594	20	104.773	-2.60745e-05 | 27.8133	20.0027	-78.9457	-0.118286 | 54.5921	20	111.394	-2.65125e-05 | 30.4183	20	-74.8942	-0.000156347 | 
41.6812	20	13.8186	-3.30793e-08 | 57.3842	20	104.952	-1.75276e-05 | 27.4182	20.0023	-79.0082	-0.094681 | 55.1485	20	111.292	-2.45658e-05 | 30.044	20	-74.8553	-0.000129806 | 
41.7507	20	13.9068	-7.23696e-08 | 57.9094	20	105.03	-1.57551e-05 | 27.0233	20.0018	-78.9896	-0.0871679 | 55.7037	20	111.035	-1.63197e-05 | 29.6694	20	-74.9213	-7.91376e-05 | 
41.8205	20	13.9442	-8.90312e-09 | 58.4356	20	105.245	-1.02754e-05 | 26.6281	20.0015	-79.036	-0.0575949 | 56.258	20	110.87	-1.40514e-05 | 29.2935	20	-75.1772	-6.85958e-05 | 
41.8899	20	13.8986	3.08122e-08 | 58.9621	20	105.294	-9.60142e-06 | 26.2324	20.0013	-79.1512	-0.05567 | 56.8118	20	110.755	-1.03453e-05 | 28.9175	20	-75.2027	-5.19169e-05 | 
41.9589	20	13.7894	2.79567e-09 | 59.4893	20	105.456	-5.86446e-06 | 25.836	20.001	-79.2732	-0.0434688 | 57.3653	20	110.699	-8.16742e-06 | 28.5414	20	-75.2166	-3.52667e-05 | 
42.0274	20	13.7024	1.99479e-08 | 60.0167	20	105.466	-5.92136e-06 | 25.4395	20.0009	-79.297	-0.0343233 | 57.9189	20	110.717	-6.68401e-06 | 28.1652	20	-75.2525	-3.26681e-05 | 
42.0963	20	13.7832	1.19126e-07 | 60.5437	20	105.417	-3.67364e-06 | 25.0431	20.0007	-79.2807	-0.032549 | 58.4728	20	110.779	-4.4515e-06 | 27.7879	20	-75.4568	-2.20515e-05 | 
42.1663	20	13.987	-4.61838e-08 | 61.0705	20	105.358	-3.64911e-06 | 24.6463	20.0006	-79.3703	-0.0218245 | 59.0268	20	110.802	-4.16365e-06 | 27.4097	20	-75.6328	-1.73971e-05 | 
42.237	20	14.1423	-8.68899e-10 | 61.5966	20	105.22	-2.7124e-06 | 24.2488	20.0005	-79.4911	-0.0208601 | 59.5801	20	110.651	-2.58452e-06 | 27.0317	20	-75.6063	-1.51287e-05 | 
42.308	20	14.2111	5.0783e-08 | 62.1225	20	105.181	-2.33547e-06 | 23.8508	20.0004	-79.5945	-0.0166703 | 60.1329	20	110.578	-2.42841e-06 | 26.6534	20	-75.6579	-9.5735e-06 | 
42.3791	20	14.2093	-1.6239e-08 | 62.6478	20	105.046	-1.71244e-06 | 23.4529	20.0003	-79.5949	-0.0130318 | 60.6838	20	110.178	-1.61454e-06 | 26.2742	20	-75.8462	-8.83507e-06 | 
42.45	20	14.1807	-9.8766e-10 | 63.1727	20	104.995	-1.51391e-06 | 23.0549	20.0003	-79.5809	-0.0125866 | 61.2341	20	110.057	-1.48602e-06 | 25.8946	20	-75.9135	-6.874e-06 | 
42.5208	20	14.1608	-7.59247e-09 | 63.6973	20	104.908	-1.20203e-06 | 22.6565	20.0002	-79.6973	-0.00851248 | 61.783	20	109.778	-1.07788e-06 | 25.515	20	-75.9226	-4.98985e-06 | 
42.5916	20	14.1733	-3.1206e-08 | 64.2218	20	104.897	-9.70702e-07 | 22.2574	20.0002	-79.8173	-0.00808367 | 62.3317	20	109.732	-9.40943e-07 | 25.1353	20	-75.9318	-4.75281e-06 | 
42.6628	20	14.2338	-1.12689e-08 | 64.7461	20	104.872	-7.61941e-07 | 21.8578	20.0002	-79.911	-0.00654228 | 62.8798	20	109.633	-7.59555e-07 | 24.7546	20	-76.1589	-3.18349e-06 | 
42.7344	20	14.3272	-2.3115e-08 | 65.2709	20	104.95	-5.52514e-07 | 21.4583	20.0001	-79.8995	-0.00509152 | 63.4283	20	109.691	-5.60208e-07 | 24.3729	20	-76.3212	-2.69226e-06 | 
42.8064	20	14.3835	-4.10933e-08 | 65.7958	20	104.98	-5.01502e-07 | 21.0589	20.0001	-79.8868	-0.00496116 | 63.9769	20	109.73	-5.61884e-07 | 23.9914	20	-76.3072	-2.31761e-06 | 
42.8782	20	14.3581	4.62058e-08 | 66.3217	20	105.18	-3.13999e-07 | 20.6588	20.0001	-80.0127	-0.00336833 | 64.5258	20	109.777	-2.83562e-07 | 23.6099	20	-76.2923	-1.55664e-06 | 
42.9494	20	14.2582	4.32332e-08 | 66.8479	20	105.245	-3.14346e-07 | 20.5737	20.0001	-17.0203	0.0022186 | 65.075	20	109.843	-3.78769e-07 | 23.228	20	-76.3981	-1.516e-06 | 
43.0203	20	14.1613	8.16308e-08 | 67.419	20	114.214	-1.06259e-07 | 20.5048	20.0001	-13.7818	0.00241489 | 65.5747	20	99.9276	6.9342e-08 | 22.8453	20	-76.5334	-1.10885e-06 | 
43.0914	20	14.2212	2.98375e-08 | 67.99	20	114.202	-8.78411e-08 | 20.4487	20.0001	-11.2156	0.00257117 | 66.0746	20	99.9854	1.07063e-07 | 22.4624	20	-76.5855	-8.45776e-07 | 
43.1635	20	14.4285	-5.16208e-08 | 68.5623	20	114.456	-8.60383e-09 | 20.4025	20.0001	-9.25205	0.0026661 | 66.5713	20	99.3477	5.017e-08 | 22.0795	20	-76.5723	-8.35228e-07 | 
43.2365	20	14.5915	-1.48008e-08 | 69.1347	20	114.484	-3.1782e-08 | 20.3622	20.0002	-8.04903	0.00285263 | 67.0684	20	99.4035	1.09852e-07 | 21.696	20	-76.709	-3.54924e-07 | 
43.3098	20	14.6647	8.58886e-09 | 69.706	20	114.268	4.19806e-08 | 20.2642	20.0002	-19.6095	0.00849385 | 67.5635	20	99.0377	4.67799e-08 | 21.4346	20	-52.2773	5.57933e-08 | 
43.3831	20	14.6642	-3.57436e-08 | 70.2776	20	114.306	-1.72417e-08 | 20.1922	20.0003	-14.406	0.0108717 | 68.0589	20	99.0795	5.09363e-08 | 21.1732	20	-52.2736	8.5883e-08 | 
43.4563	20	14.6368	5.8465e-08 | 70.8484	20	114.176	-1.65501e-08 | 20.1408	20.0003	-10.275	0.0135676 | 68.553	20	98.819	1.73595e-08 | 20.9108	20	-52.4741	3.6665e-07 | 
43.5294	20	14.619	-2.4536e-08 | 71.4201	20	114.332	-3.72541e-08 | 20.1044	20.0004	-7.2777	0.016624 | 69.0473	20	98.8471	7.84174e-09 | 20.6754	20	-47.0873	8.9744e-07 | 
43.6026	20	14.6371	-3.95918e-08 | 71.9917	20	114.319	-5.94653e-08 | 20.0613	20.0005	-4.80845	0.0235664 | 69.5406	20	98.6744	7.67309e-08 | 20.4988	20	-39.1346	1.95483e-07 | 
43.6761	20	14.7044	-2.82942e-08 | 72.5635	20	114.353	-1.84333e-08 | 20	20.0008	1.0548e-07	0.0363454 | 70.0341	20	98.6909	-3.44485e-08 | 20.3944	20	-33.3036	1.09894e-07 | 
43.7501	20	14.798	-3.94143e-08 | 73.1352	20	114.344	-6.69259e-08 | 20	20.0012	8.32709e-08	0.0590359 | 70.527	20	98.5881	-9.47904e-08 | 20.3275	20	-29.3289	1.09722e-07 | 
43.8243	20	14.8423	-3.26109e-08 | 73.7059	20	114.138	-2.52066e-08 | 20	20.0022	8.14091e-08	0.106305 | 71.02	20	98.5956	-4.49948e-08 | 20.2965	20	-27.8604	1.09789e-07 | 
43.8983	20	14.7989	5.86834e-08 | 74.2766	20	114.149	-6.94291e-08 | 20	20.0041	8.20003e-08	0.203876 | 71.5127	20	98.5379	-1.07227e-07 | 20.2802	20	-27.5456	1.09928e-07 | 
43.9717	20	14.6916	-3.73658e-08 | 74.8468	20	114.047	-2.12096e-08 | 20	20.008	8.45304e-08	0.407365 | 72.0054	20	98.5399	-6.90372e-08 | 20.2695	20	-27.7521	1.1022e-07 | 
44.0449	20	14.6259	-7.98913e-08 | 75.4176	20	114.146	-9.13305e-08 | 20	20.0162	8.81705e-08	0.840133 | 72.4979	20	98.5054	-8.46206e-08 | 20.2609	20	-28.1997	1.10848e-07 | 
44.1186	20	14.7544	1.69112e-08 | 75.9883	20	114.145	-3.90698e-08 | 20	20.0335	9.22606e-08	1.78177 | 72.9905	20	98.5053	-7.91174e-08 | 20.2527	20	-28.7416	1.12222e-07 | 
44.1934	20	14.9599	4.85296e-08 | 76.5592	20	114.174	-9.51549e-08 | 20	20.071	9.59414e-08	3.87088 | 73.4832	20	98.5403	-3.01187e-08 | 20.2437	20	-29.2117	1.15281e-07 | 
44.2689	20	15.091	-2.3323e-08 | 77.1299	20	114.154	-2.69779e-08 | 20	20.1522	9.74791e-08	8.4812 | 73.9759	20	98.5411	-8.63486e-08 | 20.2313	20	-29.1107	1.221e-07 | 
44.3446	20	15.1304	9.25176e-09 | 77.6997	20	113.955	-4.40489e-08 | 20	20.3114	9.31775e-08	17.5966 | 74.4689	20	98.6097	-1.49447e-07 | 20.2058	20	-26.7435	1.365e-07 | 
44.4201	20	15.1118	3.51952e-08 | 78.2694	20	113.931	-1.41129e-08 | 20	20.5359	7.73654e-08	30.1049 | 74.962	20	98.6123	-6.67563e-08 | 20.1552	20	-19.8964	1.60429e-07 | 
44.4955	20	15.0881	-2.19692e-09 | 78.8386	20	113.841	-1.14708e-09 | 20	20.7594	4.98904e-08	40.4178 | 75.4555	20	98.7105	-1.17008e-07 | 20.1029	20	-11.7058	1.78379e-07 | 
44.571	20	15.0858	-7.22669e-09 | 79.4081	20	113.913	-3.22436e-08 | 20	20.9911	2.65079e-08	46.3513 | 75.9491	20	98.7155	-4.90717e-08 | 20.0715	20	-6.27897	1.64145e-07 | 
44.6467	20	15.1369	2.06051e-09 | 79.5395	20	26.2769	3.3471e-07 | 20	21.2086	6.00962e-09	43.5064 | 76.4433	20	98.8349	-2.67028e-08 | 20.0558	20	-3.13733	1.48102e-07 | 
44.7228	20	15.2319	2.80305e-08 | 79.641	20	20.3041	3.96007e-07 | 20	21.4046	-3.14754e-09	39.1883 | 76.9375	20	98.8424	-4.56918e-08 | 20.0471	20	-1.73703	1.58249e-07 | 
44.7993	20	15.3038	-3.86584e-08 | 79.7198	20	15.7508	4.81496e-07 | 20	21.5775	-4.73174e-09	34.589 | 77.4324	20	98.9761	-4.75425e-08 | 20.0425	20	-0.920718	1.55623e-07 | 
44.8758	20	15.2937	8.62151e-08 | 79.7804	20	12.1177	5.8024e-07 | 20	21.7265	-4.27679e-09	29.792 | 77.9273	20	98.9863	-5.63268e-08 | 20.0406	20	-0.379655	1.37604e-07 | 
