59.5	59.7386	0	-4.905 | 61.0126	60.3911	0	-4.905 | 60.5641	60.915	0	-4.905 | 59.5941	61.8332	0	-4.905 | 60.8586	63.3449	0	-4.905 | 
59.5	59.6895	0.00184003	-9.81 | 61.0139	60.3406	-0.000367188	-9.80938 | 60.5629	60.8674	-0.00551715	-9.80838 | 59.5946	61.7845	0.110392	-9.74279 | 60.8583	63.2958	-0.0509722	-9.81 | 
59.5001	59.6159	0.00941758	-14.7149 | 61.0149	60.2658	-0.00156151	-14.7123 | 60.5616	60.7952	-0.0329923	-14.7078 | 59.5949	61.7116	0.056539	-14.578 | 60.8584	63.2222	0.0028515	-14.7137 | 
59.5001	59.5178	0.00819056	-19.6194 | 61.0159	60.1666	-0.00116717	-19.6185 | 60.5605	60.6982	-0.0221802	-19.6187 | 59.5952	61.6142	0.0555356	-19.4733 | 60.8584	63.1241	0.0133091	-19.6187 | 
59.5002	59.3952	0.00779394	-24.5244 | 61.0168	60.0429	-0.00224068	-24.5236 | 60.5596	60.5766	-0.0188019	-24.5286 | 59.5955	61.4923	0.0556049	-24.3785 | 60.8585	63.0015	0.0128969	-24.5215 | 
59.5002	59.2481	0.0106706	-29.4295 | 61.0175	59.8949	-0.00336655	-29.4286 | 60.5587	60.4303	-0.0159175	-29.4377 | 59.5958	61.3459	0.0559344	-29.2817 | 60.8586	62.8545	0.022845	-29.4108 | 
59.5003	59.0764	0.00980403	-34.3346 | 61.0182	59.7224	-0.0040891	-34.3322 | 60.5579	60.2594	-0.022153	-34.343 | 59.596	61.175	0.0535119	-34.192 | 60.8587	62.683	0.0284986	-34.3067 | 
59.4995	58.8877	-0.157028	-37.7357 | 61.0191	59.5254	0.0411075	-39.2532 | 60.5573	60.0642	0.0242365	-39.21 | 59.596	60.9796	-0.00375107	-39.0829 | 60.8589	62.4869	0.0270046	-39.2073 | 
59.5002	58.6752	0.138904	-42.4992 | 61.0207	59.3036	0.201056	-44.21 | 60.5568	59.8453	0.00679099	-43.9081 | 59.5961	60.7707	0.0279024	-41.7705 | 60.8587	62.2664	-0.0297988	-44.1123 | 
59.5011	58.4384	0.193012	-47.3646 | 61.0233	59.0577	0.413706	-49.0604 | 60.5548	59.6018	-0.299392	-48.8191 | 59.6002	60.5411	0.81072	-45.9132 | 60.8617	62.0212	0.591387	-49.0231 | 
59.5022	58.177	0.221004	-52.2814 | 61.0254	58.7874	0.343468	-53.9606 | 60.5539	59.333	-0.0899628	-53.866 | 59.6038	60.2876	0.718834	-50.7175 | 60.8654	61.7526	0.73578	-53.7233 | 
59.5025	57.8933	0.049057	-56.7373 | 61.0278	58.4926	0.418874	-58.8795 | 60.5532	59.0397	-0.0649302	-58.7269 | 59.6059	60.009	0.416273	-55.7105 | 60.8678	61.4601	0.480412	-58.5093 | 
59.5326	57.6115	6.02829	-56.3554 | 61.0277	58.1736	-0.0979372	-63.7381 | 60.5591	58.7149	1.23105	-65.0397 | 59.5903	59.7399	-3.11565	-53.8189 | 60.87	61.143	0.449177	-63.4105 | 
59.5518	57.3067	3.83752	-60.9641 | 61.0295	57.826	0.278919	-69.4161 | 60.5609	58.37	0.463572	-69.0746 | 59.569	59.4397	-4.26819	-60.0485 | 60.8712	60.8018	0.243646	-68.2432 | 
59.5686	56.9772	3.35553	-65.8925 | 61.0311	57.4547	0.241266	-74.1694 | 60.5618	58.0013	0.259927	-73.8449 | 59.5491	59.1146	-3.98014	-65.0184 | 60.872	60.4355	0.162469	-73.2519 | 
59.6083	56.661	7.9354	-63.241 | 61.0263	57.0619	-1.03314	-78.4627 | 60.5614	57.5981	-0.0173819	-80.7142 | 59.5035	58.7859	-9.10829	-65.7317 | 60.8726	60.0446	0.106205	-78.1885 | 
59.6349	56.3211	5.32322	-67.9931 | 61.0233	56.6399	-0.718474	-84.265 | 60.5592	57.1777	-0.321587	-84.2281 | 59.4638	58.4259	-7.93575	-72.003 | 60.8789	59.6313	1.2585	-82.6598 | 
59.6589	55.9561	4.80881	-73.0018 | 61.0192	56.1946	-0.93765	-88.9302 | 60.5533	56.7331	-1.06308	-89.0464 | 59.4304	58.0388	-6.69257	-77.4162 | 60.887	59.1938	1.62017	-87.4926 | 
59.6989	55.5904	8.0039	-73.1237 | 61.0094	55.7278	-2.07582	-93.226 | 60.5515	56.2614	-0.251652	-94.4694 | 59.3668	57.6665	-12.7184	-74.4547 | 60.8937	58.7318	1.34216	-92.407 | 
59.7295	55.1985	6.11281	-78.3817 | 61.0017	55.2333	-1.68484	-98.7277 | 60.557	55.7683	1.26573	-98.795 | 59.3093	57.2647	-11.5063	-80.3638 | 60.9045	58.2462	2.16468	-97.1175 | 
59.756	54.7815	5.30642	-83.4105 | 61.0001	54.7145	-0.526528	-103.522 | 60.5571	55.2512	0.210374	-103.659 | 59.2754	56.8379	-6.76312	-85.358 | 60.9192	57.7361	2.94211	-102.033 | 
59.7778	54.3393	4.36042	-88.4265 | 60.9974	54.1702	-0.724382	-108.621 | 60.5579	54.7104	0.356193	-108.402 | 59.2806	56.3921	1.04228	-89.1698 | 60.9326	57.2007	2.67432	-107.078 | 
59.7981	53.8723	4.04351	-93.409 | 60.9951	53.6015	-0.664918	-113.504 | 60.5604	54.1458	0.685767	-113.15 | 59.2892	55.9204	1.71961	-94.3413 | 60.9532	56.6408	4.13231	-111.975 | 
59.8164	53.3802	3.67332	-98.4277 | 60.9925	53.0076	-0.704302	-118.541 | 60.5637	53.5571	0.859887	-117.981 | 59.3337	55.4514	8.89714	-93.7923 | 60.9734	56.0563	4.02648	-116.908 | 
59.8355	52.8632	3.81199	-103.398 | 60.9914	52.3854	-0.405975	-124.209 | 60.567	52.9446	0.842257	-122.745 | 59.3752	54.9572	8.28439	-98.8443 | 61.0006	55.4472	5.43615	-121.817 | 
59.8845	52.3382	9.85112	-104.996 | 60.9779	51.759	-2.85475	-125.088 | 60.5247	52.3564	-8.35314	-117.834 | 59.4506	54.475	15.093	-96.4339 | 61.0198	54.8137	3.85417	-126.698 | 
59.9096	51.7883	6.31152	-109.94 | 60.9559	51.0995	-4.39811	-131.885 | 60.5147	51.7473	-3.30409	-121.862 | 59.5205	53.9678	13.9853	-101.436 | 61.0183	54.1588	-0.307551	-130.967 | 
59.9295	51.2164	6.33045	-114.527 | 60.9146	50.4149	-8.26166	-136.91 | 60.5155	51.113	-2.17778	-126.706 | 59.6144	53.4662	18.7811	-100.32 | 61.0224	53.4827	0.825714	-135.237 | 
59.9444	50.6232	5.70933	-119.139 | 60.8804	49.7085	-6.83323	-141.293 | 60.5188	50.4513	-2.05781	-131.86 | 59.7072	52.938	18.5513	-105.65 | 61.028	52.7834	1.12028	-139.846 | 
59.9603	50.0085	5.65988	-123.684 | 60.849	48.9771	-6.28581	-146.275 | 60.5201	49.7639	-2.24195	-136.735 | 59.8006	52.3972	18.6741	-108.159 | 61.0311	52.0614	0.615268	-144.412 | 
59.9728	49.3768	4.51192	-127.213 | 60.82	48.2244	-5.79744	-150.543 | 60.5272	49.0548	-0.584106	-140.947 | 59.8977	51.8292	19.4255	-113.605 | 61.0379	51.315	1.35374	-149.268 | 
59.9843	48.7199	3.41474	-132.013 | 60.7899	47.4519	-6.02024	-154.489 | 60.5232	48.3221	-1.90074	-145.894 | 59.9873	51.2359	17.9247	-118.65 | 61.0415	50.5457	0.724354	-153.866 | 
60.0007	48.0365	3.81768	-137.094 | 60.7595	46.6559	-6.08678	-159.217 | 60.5159	47.5651	-2.01122	-150.992 | 60.078	50.6174	18.1403	-123.702 | 61.0493	49.7524	1.57171	-158.651 | 
60.0175	47.3247	3.55741	-142.541 | 60.7302	45.8351	-5.85025	-164.144 | 60.5076	46.782	-1.85667	-156.432 | 60.1617	49.9708	16.736	-129.324 | 61.0517	48.9356	0.465875	-163.36 | 
60.0362	46.581	3.78102	-148.793 | 60.698	44.9908	-6.45438	-168.861 | 60.4994	45.9756	-1.68915	-161.242 | 60.2536	49.2486	18.3817	-144.447 | 61.0542	48.0968	0.509665	-167.771 | 
60.056	45.8096	3.97611	-154.273 | 60.663	44.1228	-6.99969	-173.607 | 60.4918	45.1445	-1.51131	-166.208 | 60.3345	48.4987	16.1699	-149.973 | 61.0525	47.2257	-0.348951	-174.224 | 
60.0757	45.0162	3.93052	-158.69 | 60.6329	43.2503	-6.00459	-174.497 | 60.4842	44.2907	-1.52567	-170.772 | 60.4159	47.726	16.28	-154.546 | 61.0527	46.3277	0.0405699	-179.591 | 
60.0897	44.132	2.7914	-176.824 | 60.5952	42.3676	-7.54678	-176.548 | 60.4764	43.3925	-1.55897	-179.626 | 60.4882	46.9305	14.475	-159.094 | 61.0599	45.4075	1.44633	-184.038 | 
60.1027	43.2197	2.60224	-182.476 | 60.557	41.4592	-7.64674	-181.683 | 60.471	42.473	-1.08308	-183.912 | 60.5611	46.146	14.5619	-156.895 | 61.0639	44.4626	0.788521	-188.993 | 
60.1146	42.2799	2.38416	-187.961 | 60.5187	40.5254	-7.66301	-186.744 | 60.4667	41.5299	-0.858554	-188.607 | 60.6352	45.334	14.832	-162.406 | 61.0655	43.4927	0.330154	-193.963 | 
60.1254	41.3136	2.17257	-193.256 | 60.4812	39.5666	-7.49788	-191.776 | 60.462	40.5623	-0.948939	-193.521 | 60.7028	44.5013	13.5209	-166.529 | 61.065	42.4996	-0.108673	-198.621 | 
60.1356	40.3215	2.02366	-198.426 | 60.4437	38.5831	-7.48518	-196.697 | 60.4574	39.5697	-0.918295	-198.525 | 60.7695	43.6471	13.3458	-170.854 | 61.0629	41.4826	-0.418275	-203.403 | 
60.1453	39.3039	1.95015	-203.517 | 60.4064	37.5753	-7.47683	-201.561 | 60.4529	38.552	-0.888513	-203.545 | 60.836	42.7707	13.2943	-175.273 | 61.0596	40.4414	-0.648504	-208.252 | 
60.1549	38.2611	1.90929	-208.546 | 60.369	36.5432	-7.47663	-206.406 | 60.4486	37.5092	-0.857117	-208.563 | 60.9023	41.8713	13.2595	-179.878 | 61.0556	39.3758	-0.802356	-213.12 | 
60.1641	37.1935	1.8529	-213.522 | 60.3316	35.4869	-7.48023	-211.257 | 60.4445	36.4412	-0.828827	-213.591 | 60.9691	40.9401	13.3613	-186.241 | 61.0513	38.2858	-0.86138	-218.002 | 
60.1729	36.0958	1.75659	-219.55 | 60.2951	34.4057	-7.2888	-216.245 | 60.4399	35.3474	-0.923831	-218.758 | 61.0377	39.9836	13.724	-191.304 | 61.0472	37.1714	-0.822001	-222.878 | 
60.1812	34.9731	1.65883	-224.542 | 60.259	33.3004	-7.22596	-221.074 | 60.4348	34.2285	-1.02041	-223.779 | 61.11	38.9986	14.4521	-197.006 | 61.0436	36.0326	-0.71406	-227.744 | 
60.1872	33.824	1.19138	-229.821 | 60.2238	32.1707	-7.04563	-225.937 | 60.4285	33.0847	-1.25453	-228.771 | 61.1871	38.0177	15.4163	-196.168 | 61.0521	34.8736	1.68676	-231.805 | 
60.1994	32.6512	2.45065	-234.556 | 60.1904	31.0167	-6.6661	-230.8 | 60.4198	31.9169	-1.74889	-233.563 | 61.2411	37.0684	10.7984	-189.869 | 61.0942	33.6784	8.42683	-239.047 | 
60.2103	31.4616	2.17402	-237.915 | 60.1404	29.8843	-10.0021	-226.473 | 60.4101	30.7376	-1.93095	-235.852 | 61.2887	36.1442	9.52807	-184.833 | 61.142	32.4565	9.56771	-244.368 | 
60.2238	30.2418	2.69867	-243.979 | 60.098	28.7305	-8.47786	-230.762 | 60.4032	29.5296	-1.39459	-241.579 | 61.3354	35.217	9.33556	-185.438 | 61.1909	31.2076	9.76561	-249.784 | 
60.2356	28.9994	2.3861	-248.53 | 60.0595	27.5558	-7.70449	-234.945 | 60.3957	28.3001	-1.50102	-245.865 | 61.4198	34.273	16.8913	-188.813 | 61.2399	29.9368	9.80455	-254.155 | 
60.245	27.733	1.90459	-253.394 | 60.0239	26.3524	-7.11458	-240.674 | 60.3928	27.0509	-0.609734	-249.715 | 61.5043	33.3044	16.8913	-193.718 | 61.305	28.6768	13.0233	-252.004 | 
60.2536	26.4458	1.78594	-257.729 | 59.9988	25.1186	-5.02812	-246.755 | 60.3937	25.7791	0.128406	-254.071 | 61.5888	32.3113	16.8913	-198.623 | 61.3463	27.4039	8.26658	-254.577 | 
60.2632	25.133	2.01519	-263.03 | 59.9745	23.8602	-4.86436	-251.692 | 60.3947	24.4853	0.0832269	-258.284 | 61.6732	31.2936	16.8913	-203.528 | 61.386	26.1041	7.93724	-259.961 | 
60.2497	23.7949	-2.54282	-268.455 | 59.9503	22.5753	-4.82398	-256.972 | 60.3948	23.1609	-0.150497	-264.069 | 61.7577	30.2515	16.8913	-208.433 | 61.5084	24.8543	24.4707	-249.973 | 
60.2633	22.4367	2.96953	-272.665 | 59.9264	21.2621	-4.75178	-262.587 | 60.3937	21.8106	-0.47686	-269.064 | 61.8421	29.1848	16.8913	-213.338 | 61.6092	23.5877	20.1601	-253.307 | 
60.2739	21.0549	2.39031	-277.653 | 59.903	20	-4.61227	-267.638 | 60.3975	20.4364	0.41841	-273.62 | 61.9266	28.0936	16.8913	-218.243 | 61.7306	22.3009	24.2851	-257.376 | 
60.2526	20.0413	-3.95485	-204.247 | 59.5043	20	-79.0912	6.09584e-06 | 60.5152	20	22.579	-88.6937 | 62.0104	26.9731	16.7718	-224.092 | 61.8554	20.9895	24.9508	-262.281 | 
59.8987	20.0249	-44.3221	-7.44928 | 58.8352	20	-133.812	8.88055e-07 | 60.6819	20	6.8669	3.27341e-06 | 62.0943	25.8278	16.7688	-229.068 | 62.3746	20.3042	103.852	-137.059 | 
59.6538	20.0148	-48.9861	-2.02127 | 58.1318	20	-140.686	-4.27353e-07 | 60.7886	20	21.3514	-7.83946e-07 | 62.1776	24.6577	16.6568	-234.013 | 62.7042	20.0789	65.9126	-45.0475 | 
59.4395	20.0108	-42.8519	-0.802412 | 57.3482	20	-156.72	-4.27793e-08 | 60.9427	20	30.8221	-7.77344e-07 | 62.2605	23.4631	16.5803	-238.915 | 63.0463	20.0192	68.4224	-11.953 | 
59.21	20.008	-45.8988	-0.565243 | 56.5681	20	-156.02	-7.6827e-08 | 61.1131	20	34.0754	-2.70817e-07 | 62.3432	22.2417	16.5452	-244.283 | 63.3892	20.0069	68.5828	-2.45976 | 
58.9776	20.0061	-46.493	-0.370715 | 55.7879	20	-156.037	-1.67321e-08 | 61.2868	20	34.7293	-2.1124e-07 | 62.4513	21.0543	21.6174	-237.49 | 63.735	20.0019	69.1677	-0.986538 | 
58.7449	20.0049	-46.5337	-0.248007 | 55.0082	20	-155.933	-2.68646e-08 | 60.9612	20	-65.1135	-1.04785e-07 | 62.5446	20.37	18.659	-136.858 | 64.4704	20.0014	147.066	-0.102603 | 
58.5104	20.0038	-46.9022	-0.218332 | 54.2288	20	-155.882	1.10964e-07 | 60.6357	20	-65.0995	-1.20234e-07 | 62.6582	20.0963	22.7207	-54.7242 | 65.2054	20.001	147.007	-0.0840489 | 
58.2759	20.0029	-46.9016	-0.187051 | 53.4533	20	-155.095	-2.2476e-08 | 60.3135	20	-64.4326	-1.21987e-07 | 62.7873	20.0184	25.8156	-15.5946 | 65.9391	20.0007	146.733	-0.0521661 | 
58.0392	20.0022	-47.3349	-0.131003 | 52.678	20	-155.057	-3.50738e-08 | 59.9898	20	-64.7448	-1.21658e-07 | 62.9179	20.0043	26.1296	-2.81214 | 66.6721	20.0006	146.601	-0.0341473 | 
57.7907	20.002	-49.6966	-0.0472988 | 51.9033	20	-154.942	-4.44019e-09 | 59.6805	20	-61.8647	1.59804e-07 | 63.0451	20.0014	25.4393	-0.582817 | 67.4037	20.0004	146.315	-0.0283443 | 
57.5419	20.0018	-49.7759	-0.0367505 | 51.1283	20	-155.014	-3.62108e-08 | 59.3789	20	-60.3252	1.85214e-07 | 63.1761	20.0005	26.2	-0.170732 | 68.1352	20.0003	146.313	-0.0220152 | 
57.2932	20.0016	-49.7382	-0.0430272 | 50.3556	20	-154.534	8.46877e-08 | 59.0764	20	-60.4918	2.56465e-07 | 63.3153	20.0002	27.8332	-0.0648734 | 68.8662	20.0002	146.203	-0.0141359 | 
57.0419	20.0014	-50.2509	-0.0375574 | 49.584	20	-154.316	8.95968e-09 | 58.7724	20	-60.7942	1.9866e-07 | 63.4579	20.0001	28.5178	-0.025979 | 69.5959	20.0002	145.933	-0.0103639 | 
56.7822	20.0013	-51.9431	-0.0132413 | 48.8124	20	-154.313	-1.09146e-08 | 58.4862	20	-57.2382	2.35915e-07 | 63.6007	20	28.5656	-0.0106044 | 70.3252	20.0001	145.862	-0.00891511 | 
56.523	20.0013	-51.8371	-0.0120986 | 48.0415	20	-154.198	-2.66812e-08 | 58.2023	20	-56.7851	2.72161e-07 | 63.7437	20	28.5984	-0.00376684 | 71.0541	20.0001	145.777	-0.00660819 | 
56.2636	20.0012	-51.8746	-0.0168693 | 47.2711	20	-154.074	-1.35892e-08 | 57.917	20	-57.054	2.68786e-07 | 63.8863	20	28.517	-0.00130181 | 71.7829	20.0001	145.769	-0.00427801 | 
55.9992	20.0011	-52.8792	-0.0153527 | 46.5029	20	-153.632	2.27739e-08 | 57.6373	20	-55.9459	3.20129e-07 | 64.0263	20	28.0099	-0.000491653 | 72.51	20.0001	145.412	-0.00351086 | 
55.7343	20.001	-52.9849	-0.0122295 | 45.7348	20	-153.633	1.99256e-09 | 57.3637	20	-54.7276	2.74425e-07 | 64.1679	20	28.3135	-0.000215598 | 73.237	20	145.409	-0.00312751 | 
55.4693	20.001	-52.999	-0.0134118 | 44.9677	20	-153.409	2.36793e-08 | 57.09	20	-54.7311	2.6746e-07 | 64.3155	20	29.5196	-0.000117569 | 73.9629	20	145.175	-0.00217263 | 
55.2035	20.0009	-53.1635	-0.0161644 | 44.2005	20	-153.449	1.85009e-08 | 56.815	20	-54.9943	6.99355e-08 | 64.4655	20	29.9998	-6.61958e-05 | 74.6886	20	145.138	-0.00147798 | 
54.9234	20.0008	-56.024	-0.0105915 | 43.4356	20	-152.979	-2.64526e-08 | 56.5569	20	-51.621	1.98061e-07 | 64.6156	20	30.0227	-3.8084e-05 | 75.413	20	144.883	-0.00130767 | 
54.6438	20.0008	-55.9204	-0.00845195 | 42.6708	20	-152.947	-1.02365e-08 | 56.3022	20	-50.9406	2.16732e-07 | 64.766	20	30.0855	-1.92871e-05 | 76.1374	20	144.877	-0.00109662 | 
54.3642	20.0007	-55.9229	-0.0107049 | 41.9067	20	-152.838	2.16737e-08 | 56.0465	20	-51.1431	4.72154e-08 | 64.9162	20	30.0422	-9.31043e-06 | 76.8611	20	144.734	-0.000748794 | 
54.0824	20.0007	-56.3622	-0.0113364 | 41.1425	20	-152.829	-2.98257e-08 | 55.79	20	-51.303	6.84422e-08 | 65.0648	20	29.7189	-4.77131e-06 | 77.5838	20	144.543	-0.000579975 | 
53.7916	20.0007	-58.1524	-0.00555497 | 40.3799	20	-152.514	1.34656e-08 | 55.5451	20	-48.9794	1.55696e-07 | 65.2159	20	30.2111	-2.6514e-06 | 78.3063	20	144.5	-0.000526509 | 
53.5015	20.0006	-58.0094	-0.00625864 | 39.6178	20	-152.422	4.56666e-08 | 55.3021	20	-48.6006	6.26753e-08 | 65.3707	20	30.9651	-1.71558e-06 | 79.0282	20	144.38	-0.000404691 | 
53.2109	20.0006	-58.1262	-0.00814244 | 38.8559	20	-152.383	-1.59406e-08 | 55.0581	20	-48.7951	1.4669e-08 | 65.5263	20	31.1244	-1.19714e-06 | 79.6578	20	125.921	0.00076282 | 
52.9169	20.0005	-58.797	-0.00730866 | 38.0945	20	-152.286	6.0222e-08 | 54.8134	20	-48.9515	1.72181e-08 | 65.682	20	31.1237	-7.96335e-07 | 79.9189	20	52.2294	0.00175791 | 
52.6235	20.0005	-58.6897	-0.00686729 | 37.3339	20	-152.108	-2.49923e-09 | 54.5719	20	-48.2925	-3.74961e-08 | 65.8383	20	31.2656	-4.69848e-07 | 79.9879	20	13.7873	0.00345432 | 
52.3302	20.0005	-58.6543	-0.00805729 | 36.5743	20	-151.937	2.4389e-08 | 54.3313	20	-48.1194	-1.05201e-07 | 65.994	20	31.1394	-2.57988e-07 | 79.9984	20.0001	2.10215	0.00652043 | 
52.0354	20.0004	-58.9698	-0.00800145 | 35.8146	20	-151.926	-3.33257e-09 | 54.09	20	-48.272	-1.20208e-07 | 66.1494	20	31.0806	-1.7376e-07 | 79.9998	20.0001	0.275909	0.012069 | 
51.7398	20.0004	-59.1151	-0.00628784 | 35.0558	20	-151.76	4.18428e-09 | 53.8477	20	-48.4568	-1.92646e-07 | 66.3083	20	31.7779	-4.527e-09 | 80	20.0002	0.0381416	0.0221414 | 
51.4443	20.0004	-59.0935	-0.00695324 | 34.2974	20	-151.678	-2.40645e-08 | 53.607	20	-48.1255	-1.50567e-07 | 66.4685	20	32.0553	-7.17466e-08 | 80	20.0004	0.00570796	0.0403308 | 
51.1487	20.0003	-59.1193	-0.00740801 | 33.5402	20	-151.444	1.40952e-08 | 53.3667	20	-48.0727	-1.87352e-07 | 66.6289	20	32.0617	-6.37467e-08 | 80	20.0008	0.000922685	0.0729519 | 
50.8514	20.0003	-59.4564	-0.00609059 | 32.783	20	-151.441	-8.78447e-10 | 53.1258	20	-48.1709	-1.53269e-07 | 66.7896	20	32.1525	-1.72845e-08 | 80	20.0015	0.000160314	0.13103 | 
50.5544	20.0003	-59.4102	-0.00562034 | 32.0268	20	-151.235	-2.60644e-08 | 52.8839	20	-48.3742	-1.00623e-07 | 66.9505	20	32.1851	1.47558e-08 | 80	20.0026	2.98027e-05	0.233654 | 
50.2574	20.0002	-59.4034	-0.00616427 | 31.2708	20	-151.207	-3.05732e-08 | 52.6424	20	-48.3147	-2.65248e-07 | 67.1108	20	32.058	4.42255e-08 | 80	20.0047	5.90551e-06	0.413566 | 
49.9593	20.0002	-59.6144	-0.00535328 | 30.5162	20	-150.93	-8.48995e-09 | 52.4009	20	-48.2932	-1.56578e-07 | 67.2733	20	32.4996	6.34286e-09 | 80	20.0083	1.24397e-06	0.726311 | 
49.6614	20.0002	-59.5742	-0.00427126 | 29.7615	20	-150.93	1.51391e-08 | 52.1592	20	-48.3422	-1.8275e-07 | 67.4374	20	32.8103	-3.0089e-08 | 80	20.0147	2.78696e-07	1.26487 | 
49.3634	20.0002	-59.6126	-0.00446378 | 29.008	20	-150.703	3.29594e-09 | 51.9165	20	-48.5355	-1.94869e-07 | 67.6015	20	32.8249	-2.62669e-08 | 80	20.0256	6.74856e-08	2.18217 | 
49.0649	20.0001	-59.6842	-0.00421779 | 28.2545	20	-150.696	3.43623e-08 | 51.674	20	-48.5133	-5.05889e-08 | 67.7659	20	32.8732	-2.14072e-08 | 80	20.0347	2.44813e-08	1.81996 | 
48.766	20.0001	-59.7835	-0.00322953 | 27.5025	20	-150.401	-5.172e-09 | 51.4313	20	-48.5288	-1.59212e-07 | 67.9307	20	32.9722	-2.22764e-09 | 80	20.0404	2.04194e-08	1.13763 | 
48.4668	20.0001	-59.8513	-0.00310155 | 26.7505	20	-150.401	1.05143e-08 | 51.1885	20	-48.5565	-1.352e-07 | 68.0951	20	32.8721	-4.41841e-08 | 80	20.0432	1.84948e-08	0.559416 | 
48.1675	20.0001	-59.8572	-0.00316137 | 25.9997	20	-150.165	4.58101e-08 | 50.9447	20	-48.766	-1.04374e-07 | 68.261	20	33.1873	4.16489e-08 | 80	20.0441	1.78484e-08	0.192432 | 
47.867	20.0001	-60.0886	-0.00246992 | 25.2488	20	-150.171	9.98371e-08 | 50.7009	20	-48.754	1.25371e-07 | 68.4284	20	33.4746	-1.70846e-08 | 80	20.0441	1.76865e-08	-0.00991988 | 
47.5665	20.0001	-60.0993	-0.00210136 | 24.4994	20	-149.876	-3.19978e-08 | 50.4568	20	-48.8169	-1.15984e-07 | 68.5958	20	33.4876	1.27647e-08 | 80	20.0435	1.7673e-08	-0.11302 | 
47.266	20.0001	-60.1066	-0.00214751 | 23.7501	20	-149.876	-1.16928e-08 | 50.2127	20	-48.8305	-1.48736e-07 | 68.7635	20	33.5313	5.86734e-09 | 80	20.0427	1.77001e-08	-0.162496 | 
46.9646	20.0001	-60.2872	-0.00178466 | 23.0019	20	-149.638	-6.75392e-09 | 49.9674	20	-49.0522	-1.1294e-07 | 68.9318	20	33.6514	1.47502e-09 | 80	20.0418	1.77374e-08	-0.184482 | 
46.6633	20	-60.2644	-0.00134853 | 22.2537	20	-149.634	2.17087e-08 | 49.7222	20	-49.0449	-5.05928e-08 | 69.0996	20	33.5786	1.04717e-07 | 80	20.0408	1.77766e-08	-0.192755 | 
46.3615	20	-60.3517	-0.00134817 | 21.5069	20	-149.356	3.28671e-08 | 49.4764	20	-49.1554	-7.17189e-08 | 69.2689	20	33.8566	-5.55017e-08 | 80	20.0398	1.78156e-08	-0.194305 | 
46.0594	20	-60.4127	-0.00121751 | 20.7601	20	-149.356	-1.6507e-08 | 49.2306	20	-49.1609	-1.02798e-07 | 69.4394	20	34.0889	1.41531e-08 | 80	20.0389	1.7854e-08	-0.192609 | 
45.757	20	-60.4942	-0.00089426 | 20.4663	20	-58.763	3.27592e-07 | 48.9837	20	-49.3905	-1.18989e-07 | 69.6098	20	34.0939	-1.64927e-08 | 80	20.0379	1.78915e-08	-0.189383 | 
45.4539	20	-60.6181	-0.000835607 | 20.2751	20	-38.2394	4.96689e-07 | 48.7367	20	-49.3864	-1.19209e-07 | 69.7806	20	34.1561	2.16263e-08 | 80	20.037	1.7928e-08	-0.185466 | 
45.1508	20	-60.6233	-0.000814681 | 20.1549	20	-24.043	7.39138e-07 | 48.4891	20	-49.537	-2.7385e-08 | 69.952	20	34.2707	-2.61485e-08 | 80	20.0361	1.79637e-08	-0.181268 | 
44.8466	20	-60.8356	-0.000611895 | 20.0851	20	-13.9714	1.09262e-06 | 48.2414	20	-49.5389	-5.57916e-08 | 70.1231	20	34.216	-2.58358e-08 | 80	20.0352	1.79985e-08	-0.176991 | 
44.5421	20	-60.8952	-0.000516852 | 20.0464	20	-7.73043	1.59674e-06 | 47.9925	20	-49.773	-3.94098e-08 | 70.2956	20	34.5112	-3.1639e-09 | 80	20.0343	1.80325e-08	-0.172728 | 
44.2376	20	-60.9017	-0.000516962 | 20.0255	20	-4.18519	2.3054e-06 | 47.7436	20	-49.7705	7.9049e-08 | 70.469	20	34.6687	-1.49542e-08 | 80	20.0335	1.80656e-08	-0.168526 | 
43.932	20	-61.1113	-0.000407339 | 20.0142	20	-2.25943	3.2909e-06 | 47.4939	20	-49.9494	-5.86379e-08 | 70.6423	20	34.6669	6.72496e-09 | 80	20.0327	1.8098e-08	-0.164406 | 
43.6265	20	-61.104	-0.000311212 | 20.008	20	-1.22991	4.64799e-06 | 47.2441	20	-49.9502	-4.73714e-08 | 70.8162	20	34.7806	-2.43834e-08 | 80	20.0319	1.81295e-08	-0.160377 | 
43.3207	20	-61.1683	-0.000305937 | 20.0046	20	-0.679006	6.4984e-06 | 46.9932	20	-50.1866	-7.25497e-08 | 70.9905	20	34.8637	8.59755e-10 | 80	20.0311	1.81602e-08	-0.156442 | 
43.0143	20	-61.267	-0.000260095 | 20.0027	20	-0.381272	8.99589e-06 | 46.7423	20	-50.1848	2.5705e-09 | 71.1647	20	34.8451	7.3045e-08 | 80	20.0303	1.81902e-08	-0.152602 | 
42.7079	20	-61.2823	-0.000184371 | 20.0016	20	-0.218021	1.23314e-05 | 46.4904	20	-50.3769	-5.27159e-08 | 71.3407	20	35.1822	-2.27672e-08 | 80	20.0296	1.82195e-08	-0.148855 | 
42.4007	20	-61.4471	-0.000177547 | 20.001	20	-0.127014	1.67382e-05 | 46.2385	20	-50.378	-2.45976e-08 | 71.5169	20	35.2562	2.27709e-08 | 80	20.0289	1.8248e-08	-0.145199 | 
42.0934	20	-61.4668	-0.000162754 | 20.0006	20	-0.0753871	2.24958e-05 | 45.9854	20	-50.6142	-4.1212e-08 | 71.6932	20	35.2602	3.1896e-09 | 80	20.0281	1.82758e-08	-0.141633 | 
