40.4363	40.3148	0	-4.905 | 40.4247	42.0431	0	-4.905 | 39.9338	42.2759	0	-4.905 | 40.3904	43.7776	0	-4.905 | 40.241	45.9126	0	-4.905 | 40.0352	46.4563	0	-4.905 | 40.4093	46.9769	0	-4.905 | 40.1784	48.2915	0	-4.905 | 40.3925	50.7825	0	-4.905 | 40.4976	52.8114	0	-4.905 | 
40.4363	40.2657	-6.53897e-20	-9.81 | 40.4483	41.9828	7.25933e-17	-9.81 | 39.9102	42.2381	4.413e-17	-9.81 | 40.3904	43.7285	1.27096e-17	-9.81 | 40.247	45.8479	-4.1435e-17	-9.81 | 40.0255	46.4176	2.03673e-16	-9.81 | 40.413	46.9331	-9.77277e-17	-9.81 | 40.1784	48.2424	1.21318e-17	-9.81 | 40.3925	50.7334	0.000423785	-9.81 | 40.4976	52.7625	0.00042342	-9.77904 | 
40.4363	40.1921	-1.41242e-19	-14.715 | 40.4607	41.9034	1.45969e-16	-14.715 | 39.8978	42.1704	7.68434e-17	-14.715 | 40.3904	43.655	1.35388e-17	-14.715 | 40.2509	45.7642	-2.01106e-16	-14.715 | 40.018	46.3495	2.85616e-16	-14.715 | 40.4166	46.8642	-3.66694e-16	-14.715 | 40.1784	48.1688	5.44354e-17	-14.715 | 40.3925	50.6598	0.00397638	-14.7148 | 40.4976	52.6894	-0.000335712	-14.611 | 
40.4362	40.0943	-0.0320179	-19.5605 | 40.4688	41.8015	0.00104973	-19.6166 | 39.8897	42.0761	-0.00128881	-19.6192 | 40.3904	43.5569	-8.15089e-06	-19.6199 | 40.2538	45.6587	-3.85406e-16	-19.62 | 40.0119	46.2546	-2.38892e-16	-19.62 | 40.4198	46.7703	-3.75036e-16	-19.62 | 40.1784	48.0707	1.82921e-16	-19.62 | 40.3925	50.5617	0.00312346	-19.6187 | 40.4976	52.5919	-0.000335712	-19.516 | 
40.4358	39.9766	-0.0733842	-23.5528 | 40.4745	41.6757	-0.0183559	-24.5939 | 39.884	41.9562	0.0177538	-24.5411 | 40.3904	43.4342	7.91676e-06	-24.5252 | 40.2561	45.5304	-5.53023e-16	-24.525 | 40.0068	46.1341	-3.51435e-16	-24.525 | 40.4226	46.6512	-6.64119e-16	-24.525 | 40.1784	47.9481	1.866e-16	-24.525 | 40.3926	50.4391	0.00252205	-24.5233 | 40.4976	52.4698	-0.000335712	-24.421 | 
40.4357	39.8351	-0.0233428	-28.301 | 40.4787	41.525	-0.0498936	-29.7245 | 39.8799	41.8108	0.0726947	-29.5062 | 40.3904	43.2871	-0.00225175	-29.4305 | 40.258	45.3787	0.00150652	-29.4155 | 40.0025	45.9886	0.0202136	-29.4106 | 40.4249	46.5075	-0.0318868	-29.3573 | 40.1806	47.8052	0.444016	-28.5812 | 40.3921	50.292	-0.0867624	-29.4286 | 40.4976	52.3231	-0.000340543	-29.326 | 
40.4356	39.6694	-0.0228799	-33.1329 | 40.482	41.3501	-0.060914	-34.6467 | 39.8769	41.6403	0.103753	-34.425 | 40.3904	43.1154	0.00131294	-34.3359 | 40.2596	45.2028	-0.00385158	-34.418 | 39.9981	45.8176	-0.131975	-34.428 | 40.427	46.3363	-0.0225722	-34.7627 | 40.1798	47.6432	-0.160393	-32.3926 | 40.3932	50.1201	0.208035	-34.3795 | 40.4977	52.152	0.0155979	-34.2308 | 
40.4352	39.4794	-0.0763977	-38.0106 | 40.4846	41.1509	-0.0577497	-39.5502 | 39.8744	41.4451	0.0972348	-39.3325 | 40.3904	42.9192	0.00370452	-39.2456 | 40.2614	45.0031	0.0723837	-39.2965 | 39.9945	45.6218	-0.0573861	-39.3416 | 40.4284	46.141	-0.108458	-39.5267 | 40.1769	47.4553	-0.582333	-37.594 | 40.3929	49.9307	-0.0602529	-37.8758 | 40.4977	51.9564	0.0154616	-39.1076 | 
40.4348	39.2647	-0.0805487	-42.9284 | 40.4868	40.9283	-0.0606379	-44.2855 | 39.8727	41.2255	0.14613	-44.1491 | 40.3923	42.7097	0.37035	-41.8886 | 40.2597	44.7916	-0.572348	-41.7444 | 39.9893	45.4053	-0.425813	-43.422 | 40.4313	45.9241	0.217668	-43.8132 | 40.1738	47.2417	-0.615471	-42.715 | 40.3936	49.7166	0.147516	-42.8199 | 40.4978	51.7468	0.0219063	-41.9338 | 
40.4344	39.0255	-0.080903	-47.8369 | 40.4895	40.6803	0.125369	-49.3951 | 39.8705	40.9802	-0.00894536	-49.2789 | 40.3925	42.4816	0.0337839	-45.6271 | 40.2619	44.5536	0.171406	-46.9987 | 39.9864	45.1621	-0.0054847	-48.8695 | 40.4345	45.6796	0.322318	-49.2725 | 40.171	47.0025	-0.559194	-47.8358 | 40.3939	49.4782	0.0635525	-47.6752 | 40.498	51.5162	0.0377106	-46.1196 | 
40.4329	38.776	-0.29097	-49.9013 | 40.4913	40.4082	-0.00400873	-54.2455 | 39.8688	40.7103	0.0306486	-54.1446 | 40.3928	42.2283	0.0594892	-50.665 | 40.2641	44.2918	0.145682	-51.7077 | 39.9826	44.893	-0.175374	-54.1176 | 40.4381	45.4105	0.438898	-54.167 | 40.1684	46.7377	-0.535433	-52.9599 | 40.3941	49.2153	0.0299079	-52.5869 | 40.4982	51.2611	0.0377106	-51.0246 | 
40.4318	38.5004	-0.232364	-55.1223 | 40.4929	40.1116	-0.008793	-59.1636 | 39.868	40.4159	0.152882	-59.0416 | 40.3934	41.9508	0.132835	-55.4917 | 40.2681	44.0049	0.476865	-56.6757 | 39.9783	44.6004	-0.269833	-58.9438 | 40.4421	45.116	0.534615	-59.1791 | 40.1667	46.45	-0.320654	-57.5504 | 40.3953	48.9278	0.242423	-57.4978 | 40.4987	50.9814	0.101435	-55.9296 | 
40.4305	38.2005	-0.253485	-59.979 | 40.4944	39.7907	0.0205943	-64.0313 | 39.8674	40.097	0.158271	-63.9127 | 40.3965	41.6672	0.616434	-56.7242 | 40.2684	43.7094	-0.286005	-58.3764 | 39.971	44.2903	-0.881171	-62.5093 | 40.4477	44.8002	0.909117	-63.416 | 40.1651	46.1372	-0.319997	-62.5564 | 40.3965	48.6156	0.239119	-62.4374 | 40.4993	50.6938	0.106453	-57.5199 | 
40.4259	37.8782	-0.918136	-64.464 | 40.4932	39.4429	-0.500322	-69.4434 | 39.868	39.7527	0.380482	-68.9964 | 40.398	41.3652	0.304963	-60.4053 | 40.2762	43.3867	1.09813	-63.6393 | 39.9661	43.952	-0.32714	-68.3371 | 40.4537	44.4568	1.00249	-68.8887 | 40.1637	45.7974	-0.2881	-67.9596 | 40.3981	48.2789	0.319871	-67.3391 | 40.5	50.3855	0.154866	-61.6575 | 
40.4218	37.5319	-0.82153	-69.2544 | 40.4926	39.0684	-0.381624	-74.7683 | 39.8715	39.3837	0.971576	-73.9172 | 40.4003	41.0395	0.456028	-65.1336 | 40.2861	43.0405	1.39506	-68.1967 | 39.959	43.5884	-0.670862	-73.5813 | 40.4608	44.0882	1.23384	-73.8966 | 40.1636	45.4344	-0.0300764	-72.5949 | 40.4003	47.9173	0.442149	-72.3183 | 40.501	50.0527	0.187363	-66.5625 | 
40.4172	37.161	-0.914594	-74.1919 | 40.494	38.6685	0.0195069	-79.8502 | 39.8725	38.9898	0.47168	-78.9155 | 40.4024	40.6904	0.411648	-69.818 | 40.2965	42.6697	1.38283	-72.9887 | 39.9515	43.2051	-0.679774	-77.6872 | 40.4685	43.6953	1.40691	-78.7152 | 40.1635	45.0457	-0.0209153	-77.7434 | 40.4056	47.5552	1.06367	-72.4307 | 40.5019	49.7295	0.194533	-64.6412 | 
40.4117	36.771	-1.09772	-77.9956 | 40.4942	38.2415	-0.215996	-85.2652 | 39.875	38.5692	0.726881	-84.2503 | 40.4051	40.3156	0.538034	-74.9609 | 40.3078	42.2717	1.52166	-78.437 | 39.9451	42.7961	-0.400444	-82.8627 | 40.4761	43.2805	1.40628	-83.0784 | 40.1633	44.6273	-0.0386647	-83.6775 | 40.4082	47.1699	0.523689	-77.0496 | 40.5032	49.373	0.25236	-71.2931 | 
40.4055	36.3555	-1.24252	-83.0949 | 40.4939	37.7899	-0.290593	-90.1938 | 39.8773	38.1241	0.691227	-89.1498 | 40.4084	39.9179	0.676001	-79.5405 | 40.3198	41.8496	1.61847	-83.2878 | 39.9383	42.363	-0.498153	-87.6786 | 40.484	42.8408	1.48374	-88.0157 | 40.1587	44.1825	-0.918135	-88.9562 | 40.4084	46.768	0.0388021	-80.3815 | 40.5042	48.992	0.199898	-76.1981 | 
40.3996	35.9178	-1.18196	-87.5503 | 40.4928	37.3115	-0.435855	-95.5674 | 39.8797	37.6533	0.703161	-94.2723 | 40.4115	39.4922	0.612949	-85.1426 | 40.3308	41.4028	1.41193	-88.3116 | 39.9319	41.9058	-0.421995	-92.4259 | 40.4953	42.3786	2.20963	-92.5073 | 40.1514	43.7155	-1.44697	-93.3941 | 40.4091	46.3369	0.142529	-86.2282 | 40.5051	48.6148	0.175116	-75.4441 | 
40.3937	35.4544	-1.18956	-92.6721 | 40.4919	36.8082	-0.406674	-100.543 | 39.8821	37.1578	0.696533	-99.2255 | 40.4148	39.0424	0.663076	-89.9517 | 40.3421	40.9322	1.46184	-93.1344 | 39.9261	41.4235	-0.339521	-97.42 | 40.5063	41.8927	2.15031	-97.2043 | 40.1506	43.2221	-0.163148	-98.6816 | 40.4099	45.8811	0.145259	-91.1528 | 40.5058	48.2152	0.15198	-79.9158 | 
40.3873	34.9657	-1.27866	-97.7436 | 40.4917	36.2823	-0.24299	-105.056 | 39.8834	36.6379	0.477509	-104.105 | 40.418	38.5648	0.642877	-95.5332 | 40.3532	40.4382	1.44107	-97.8586 | 39.9204	40.9174	-0.334691	-102.144 | 40.5163	41.3837	1.99315	-101.801 | 40.1513	42.7043	0.129107	-103.574 | 40.414	45.4251	0.832045	-91.2075 | 40.5023	47.7911	-0.698822	-84.8208 | 
40.3808	34.4514	-1.29116	-102.866 | 40.4917	35.7314	-0.185301	-110.066 | 39.8846	36.0931	0.431269	-109.057 | 40.4212	38.063	0.632251	-100.358 | 40.3651	39.9209	1.60103	-102.604 | 39.9138	40.3855	-0.541208	-107.236 | 40.5269	40.8496	2.11449	-106.828 | 40.1531	42.161	0.359071	-108.658 | 40.416	44.9421	0.395799	-96.5969 | 40.4945	47.3455	-1.56417	-89.1329 | 
40.3739	33.9102	-1.38042	-108.229 | 40.4915	35.157	-0.223063	-114.783 | 39.8853	35.5237	0.323657	-113.992 | 40.4244	37.5344	0.649647	-105.717 | 40.3768	39.379	1.55075	-107.581 | 39.9077	39.8292	-0.441659	-112.072 | 40.5374	40.292	2.09921	-111.518 | 40.1557	41.5931	0.533576	-113.57 | 40.4209	44.4655	0.984846	-95.3234 | 40.4856	46.8753	-1.77472	-94.0379 | 
40.3675	33.3458	-1.28863	-112.873 | 40.4915	34.5577	-0.168308	-119.745 | 39.8858	34.9299	0.247937	-118.869 | 40.4276	36.9815	0.626694	-110.589 | 40.3893	38.8133	1.73523	-112.395 | 39.901	39.2476	-0.56081	-117.053 | 40.5482	39.7099	2.14991	-116.431 | 40.1588	40.9994	0.610423	-118.741 | 40.4239	43.9634	0.593477	-100.418 | 40.477	46.3931	-1.73231	-96.4352 | 
40.3609	32.756	-1.31532	-117.963 | 40.4916	33.9339	-0.124797	-124.682 | 39.8862	34.31	0.244458	-124.065 | 40.4306	36.4024	0.607244	-115.815 | 40.4011	38.2236	1.61602	-117.288 | 39.8954	38.6413	-0.390478	-121.922 | 40.5576	39.1063	1.88158	-120.721 | 40.1716	40.4023	2.57019	-119.423 | 40.4292	43.4655	1.05632	-99.5673 | 40.4685	45.8848	-1.7019	-101.666 | 
40.355	32.1415	-1.16898	-122.901 | 40.4922	33.2875	-0.0221119	-129.191 | 39.8854	33.6664	-0.0247792	-128.796 | 40.4339	35.7992	0.663925	-120.634 | 40.4142	37.6086	1.89644	-122.405 | 39.8893	38.0094	-0.486004	-126.968 | 40.5661	38.4749	1.70022	-126.269 | 40.177	39.7839	1.06847	-123.687 | 40.433	42.9424	0.759732	-104.632 | 40.4605	45.3646	-1.6008	-104.038 | 
40.3455	31.5118	-1.9147	-125.949 | 40.494	32.6177	0.24857	-133.885 | 39.8829	32.9973	-0.393367	-133.91 | 40.4368	35.1717	0.581002	-125.509 | 40.4268	36.9674	1.85109	-127.728 | 39.881	37.3506	-1.00211	-132.277 | 40.5771	37.8173	2.1987	-131.515 | 40.1788	39.1439	0.368788	-127.997 | 40.4384	42.4167	1.09195	-105.136 | 40.4527	44.818	-1.563	-109.325 | 
40.3393	30.8612	-1.23212	-130.123 | 40.4949	31.9184	0.0813472	-139.802 | 39.8722	32.3195	-2.02823	-135.61 | 40.4371	34.5432	0.0446081	-125.685 | 40.4393	36.3032	1.92439	-132.421 | 39.8725	36.6669	-1.09233	-137.165 | 40.5851	37.1358	1.60926	-136.318 | 40.1836	38.4854	0.951426	-131.701 | 40.443	41.8649	0.913331	-110.353 | 40.4453	44.2506	-1.47586	-113.463 | 
40.332	30.1853	-1.4611	-135.18 | 40.4931	31.1966	-0.383189	-144.33 | 39.8755	31.6139	0.688534	-141.139 | 40.4397	33.8823	0.522096	-132.179 | 40.4511	35.6153	1.83605	-137.237 | 39.8659	35.9583	-0.81112	-142.037 | 40.5919	36.4326	1.36137	-140.628 | 40.1887	37.7971	1.01773	-137.664 | 40.4486	41.2987	1.11495	-113.251 | 40.4391	43.6566	-1.23477	-118.799 | 
40.3034	29.486	-5.71749	-139.843 | 40.4935	30.4494	0.0618981	-149.444 | 39.8789	30.8843	0.6969	-145.941 | 40.4427	33.2009	0.612806	-136.298 | 40.4623	34.8993	1.77995	-142.934 | 39.859	35.2235	-0.921169	-147.238 | 40.6001	35.7034	1.63936	-145.839 | 40.1915	37.0846	0.572845	-142.491 | 40.4539	40.705	1.06854	-118.731 | 40.4336	43.0392	-1.10092	-123.497 | 
40.28	28.7634	-4.67771	-144.524 | 40.4974	29.6716	0.773736	-155.551 | 39.8416	30.1303	-7.44745	-150.791 | 40.4372	32.5022	-1.10535	-139.736 | 40.4715	34.1516	1.44819	-149.332 | 39.8561	34.4629	-0.189135	-152.322 | 40.606	34.9478	1.17008	-151.118 | 40.1961	36.3502	0.921413	-146.887 | 40.4579	40.0869	0.790934	-123.636 | 40.4226	42.4755	-2.20768	-112.739 | 
40.2627	28.0151	-3.46253	-149.657 | 40.493	28.8763	-0.886645	-159.048 | 39.796	29.3548	-9.12218	-155.114 | 40.434	31.7849	-0.643518	-143.463 | 40.4805	33.3788	1.46769	-154.393 | 39.8545	33.6774	0.0226076	-157.285 | 40.6107	34.1689	0.939061	-155.789 | 40.2007	35.5948	0.922812	-151.07 | 40.46	39.4898	0.431604	-119.405 | 40.4168	41.8888	-1.14689	-117.334 | 
40.2391	27.2666	-4.72788	-149.701 | 40.4794	28.0691	-2.71851	-161.44 | 39.7499	28.556	-9.22671	-159.758 | 40.4297	31.0422	-0.860565	-148.54 | 40.4893	32.5813	1.45413	-159.347 | 39.8533	32.8671	0.0512776	-162.204 | 40.6144	33.3665	0.746516	-160.473 | 40.2059	34.8162	1.02836	-155.722 | 40.464	38.8687	0.79826	-124.216 | 40.4133	41.2953	-0.705381	-118.706 | 
40.2328	26.4989	-1.25923	-153.554 | 40.4633	27.2292	-3.23005	-167.997 | 39.7021	27.7302	-9.56783	-165.161 | 40.4223	30.3234	-1.47596	-143.745 | 40.4979	31.7568	1.43996	-164.781 | 39.8523	32.0307	0.0669536	-167.383 | 40.6189	32.5366	0.902614	-165.977 | 40.2107	34.0166	0.956287	-159.919 | 40.4692	38.2426	1.03364	-125.238 | 40.4114	40.6735	-0.379355	-124.346 | 
40.2287	25.6957	-0.807136	-160.637 | 40.4483	26.3744	-2.98614	-170.948 | 39.667	26.8814	-7.01587	-169.755 | 40.4203	29.5907	-0.406415	-146.546 | 40.505	30.9039	1.1907	-170.487 | 39.8532	31.1684	0.418699	-172.563 | 40.623	31.6807	0.82137	-171.186 | 40.2157	33.1852	1.01299	-166.274 | 40.4743	37.5857	1.02608	-131.369 | 40.4122	40.0287	0.155151	-128.972 | 
40.2201	24.8625	-1.67358	-166.478 | 40.4344	25.5026	-2.84412	-174.505 | 39.6293	26.0256	-7.54246	-171.162 | 40.4191	28.8349	-0.227499	-151.17 | 40.5155	30.034	1.88229	-173.879 | 39.8498	30.2825	-0.463	-177.266 | 40.6275	30.8022	0.898686	-175.707 | 40.2207	32.3324	0.991544	-170.569 | 40.4798	36.9043	1.09998	-136.274 | 40.4067	39.4286	-1.10418	-120.01 | 
40.2115	23.991	-1.53909	-173.755 | 40.424	24.6111	-2.25974	-178.853 | 39.5982	25.1488	-6.22093	-175.351 | 40.4189	28.0478	-0.0448809	-157.417 | 40.5279	29.1398	2.32023	-178.79 | 39.8433	29.3725	-1.13162	-182.064 | 40.6322	29.8988	0.948589	-180.675 | 40.2262	31.4565	1.10434	-175.169 | 40.4861	36.223	1.25101	-136.271 | 40.4085	38.8078	0.367509	-124.175 | 
40.2025	23.09	-1.48927	-179.313 | 40.4138	23.6977	-2.35437	-183.584 | 39.565	24.2536	-6.62658	-179.048 | 40.417	27.2689	-0.389556	-155.772 | 40.5423	28.2269	2.77819	-182.549 | 39.8339	28.4388	-1.78017	-186.77 | 40.6375	28.9716	1.05583	-185.435 | 40.2321	30.5564	1.18421	-180.034 | 40.4936	35.5122	1.50543	-142.16 | 40.4121	38.1655	0.724949	-128.459 | 
40.1831	22.1896	-3.47573	-178.906 | 40.4019	22.7688	-2.77932	-186.936 | 39.5296	23.331	-7.08743	-184.514 | 40.4222	26.4658	1.0399	-160.625 | 40.5565	27.2887	2.81561	-187.61 | 39.8255	27.4797	-1.64773	-191.847 | 40.6423	28.0174	0.963477	-190.863 | 40.2382	29.6311	1.21198	-185.056 | 40.5013	34.7769	1.54857	-147.065 | 40.4109	37.5083	-0.241515	-131.432 | 
40.1601	21.2654	-3.93019	-183.051 | 40.3933	21.8131	-2.38703	-192.935 | 39.4932	22.3835	-7.28208	-189.513 | 40.4269	25.6233	0.951789	-168.508 | 40.5728	26.3404	3.25767	-189.621 | 39.814	26.499	-2.30554	-196.124 | 40.6493	27.0412	1.37905	-195.283 | 40.2445	28.6807	1.25489	-190.076 | 40.5042	34.0168	0.567556	-152.009 | 40.4131	36.8263	0.442616	-136.4 | 
40.1358	20.306	-3.78754	-189.346 | 40.3287	20.8435	-14.0121	-196.468 | 39.4578	21.4101	-7.07321	-194.672 | 40.4319	24.7444	1.00982	-175.713 | 40.5923	25.3785	3.92402	-192.205 | 39.7986	25.4968	-3.07433	-200.442 | 40.6581	26.0445	1.74357	-199.559 | 40.2509	27.7053	1.28316	-195.081 | 40.5073	33.3082	0.632336	-141.731 | 40.4177	36.1276	0.923346	-139.749 | 
40.0666	20.0459	-12.5539	-48.4306 | 40.3134	20.1733	-4.34887	-137.611 | 39.3446	20.4748	-22.6369	-187.054 | 40.4362	23.8288	1.09821	-182.163 | 40.6168	24.4041	4.72838	-195.143 | 39.7791	24.473	-3.90317	-204.77 | 40.6688	25.0297	2.06843	-203.648 | 40.2575	26.7045	1.3127	-200.151 | 40.51	32.5837	0.538626	-144.898 | 40.4176	35.4245	-0.0324338	-140.606 | 
39.9099	20	-8.37496	2.41404e-06 | 40.7133	20.0715	57.0332	-32.2185 | 38.9965	20.254	-69.6182	-44.1727 | 40.4382	22.8777	1.13796	-187.873 | 40.6476	23.415	5.54882	-198.55 | 39.7558	23.427	-4.66487	-209.205 | 40.6809	24	2.29212	-207.571 | 40.2642	25.6781	1.34444	-205.28 | 40.5127	31.8347	0.538626	-149.803 | 40.4213	34.6996	0.746678	-144.992 | 
39.8297	20	-16.0506	-7.28419e-07 | 41.1112	20.0315	79.5801	-7.99425 | 38.5928	20.1471	-80.7587	-21.3695 | 40.4374	21.8974	1.12746	-192.749 | 40.6849	22.4043	6.34177	-202.299 | 39.7292	22.358	-5.31463	-213.781 | 40.6939	22.9584	2.41781	-211.471 | 40.2711	24.6259	1.37568	-210.44 | 40.515	31.0728	0.461189	-152.366 | 40.425	33.9501	0.746678	-149.897 | 
39.8647	20	6.99882	-8.60351e-07 | 41.5108	20.0096	79.9214	-4.3785 | 38.1185	20.083	-94.8422	-12.8212 | 40.4345	20.9008	1.23439	-195.605 | 40.731	21.3944	7.4778	-201.065 | 39.6943	21.2676	-6.9792	-218.089 | 40.7074	21.9072	2.61458	-214.882 | 40.2781	23.548	1.40381	-215.592 | 40.5184	30.3306	0.684335	-148.452 | 40.4328	33.2244	1.54361	-145.144 | 
39.7514	20	-22.6593	-4.34965e-07 | 42.3893	20.0033	175.697	-1.26747 | 37.4568	20.0831	-132.345	0.0186497 | 40.5836	20.3778	31.6738	-101.52 | 40.9532	20.6675	42.2687	-141.458 | 39.5214	20.5757	-34.5876	-138.389 | 40.7989	21.0538	18.6346	-177.662 | 40.2847	22.4643	1.32048	-216.745 | 40.5207	29.5701	0.448734	-152.098 | 40.4403	32.4667	1.51222	-151.524 | 
39.4377	20	-63.4425	1.05224e-06 | 43.4239	20.0015	206.927	-0.355524 | 36.7944	20.0821	-132.485	-0.199859 | 40.689	20.1393	28.9979	-41.3694 | 41.4165	20.3176	79.5657	-62.9951 | 39.077	20.2689	-88.1751	-63.1016 | 40.9291	20.5174	31.2352	-120.602 | 40.2818	21.4114	-0.569846	-210.569 | 40.5229	28.7851	0.448734	-157.003 | 40.4479	31.6846	1.51222	-156.429 | 
39.0263	20	-91.4653	3.74021e-07 | 44.4584	20.0007	206.909	-0.165445 | 36.1332	20.0835	-132.231	0.275975 | 40.8767	20.0323	43.7765	-11.5861 | 42.0745	20.1808	125.874	-25.0269 | 38.3781	20.2868	-130.58	-3.27483 | 41.3205	20.2538	77.7628	-64.8621 | 40.2629	20.6626	-3.78454	-149.768 | 40.5252	27.9755	0.448734	-161.908 | 40.4555	30.8779	1.51222	-161.334 | 
38.5207	20	-101.298	2.58988e-07 | 45.4929	20.0003	206.901	-0.0774575 | 35.474	20.0823	-131.854	-0.228093 | 41.0488	20.0062	41.6904	-1.58823 | 42.8336	20.1136	151.806	-13.4376 | 37.725	20.2274	-130.457	-11.9493 | 41.8177	20.1483	92.1657	-24.7273 | 40.1072	20.3139	-31.1458	-69.7285 | 40.526	27.1946	0.173869	-156.18 | 40.4647	30.0708	1.84811	-161.417 | 
38.0012	20	-103.902	9.46703e-08 | 46.5274	20.0001	206.898	-0.0357243 | 34.8146	20.08	-131.873	-0.471374 | 41.3069	20.0036	51.6053	-0.517262 | 43.644	20.0857	162.079	-5.57895 | 37.0545	20.1799	-134.098	-9.50641 | 42.3236	20.1018	101.187	-9.30489 | 39.877	20.1947	-46.0253	-23.8496 | 40.5285	26.3864	0.484266	-161.641 | 40.4711	29.2874	1.27391	-156.692 | 
37.5003	20	-100.165	1.20744e-07 | 47.562	20.0001	206.916	-0.0155799 | 34.1565	20.0815	-131.619	0.297053 | 41.5356	20.0026	45.7505	-0.206354 | 44.4882	20.0661	168.849	-3.92888 | 36.4229	20.2051	-126.314	5.04291 | 42.8276	20.0745	100.796	-5.46982 | 39.6301	20.1119	-49.3925	-16.5569 | 40.5294	25.5572	0.194661	-165.837 | 40.4803	28.4872	1.84749	-160.034 | 
36.9388	20	-112.297	1.17064e-07 | 48.5968	20	206.947	-0.00660225 | 33.5018	20.0798	-130.94	-0.326266 | 41.7435	20.0019	41.5695	-0.138813 | 45.3332	20.0494	169.003	-3.32371 | 35.8461	20.1971	-115.375	-1.59497 | 43.3551	20.0587	105.504	-3.1587 | 39.3834	20.061	-49.3371	-10.1789 | 40.5304	24.7035	0.194661	-170.742 | 40.4895	27.6625	1.84749	-164.939 | 
36.3815	20	-111.469	2.83289e-08 | 49.6316	20	206.965	-0.0027773 | 32.8471	20.077	-130.939	-0.571726 | 41.9525	20.0014	41.7999	-0.0968489 | 46.1773	20.037	168.821	-2.48905 | 35.2693	20.1898	-115.351	-1.46894 | 43.8824	20.0453	105.467	-2.67693 | 39.1364	20.0327	-49.3899	-5.66755 | 40.5314	23.8253	0.194661	-175.647 | 40.4988	26.8133	1.84749	-169.844 | 
35.8352	20	-109.26	9.71446e-08 | 50.6663	20	206.944	-0.00117581 | 32.1937	20.0739	-130.679	-0.611227 | 42.1614	20.0011	41.7928	-0.0659739 | 47.0208	20.0285	168.688	-1.70357 | 34.684	20.1822	-117.054	-1.51727 | 44.4116	20.0364	105.834	-1.772 | 38.8888	20.0193	-49.534	-2.67311 | 40.5313	22.933	-0.0187022	-178.455 | 40.508	25.9462	1.85514	-173.431 | 
35.2942	20	-108.209	5.54422e-08 | 51.7005	20	206.848	-0.000507263 | 31.5395	20.0704	-130.846	-0.701959 | 42.3722	20.0009	42.1489	-0.0490835 | 47.8616	20.017	168.177	-2.28806 | 34.097	20.1729	-117.4	-1.85452 | 44.9411	20.0282	105.891	-1.6378 | 38.6382	20.012	-50.1215	-1.46535 | 40.5304	22.0597	-0.180085	-174.653 | 40.517	25.1069	1.79825	-167.843 | 
34.761	20	-106.621	7.93412e-08 | 52.7338	20	206.652	-0.000225515 | 30.8854	20.0663	-130.825	-0.82507 | 42.5834	20.0006	42.2458	-0.0434208 | 48.7107	20.0122	169.814	-0.966163 | 33.5165	20.1945	-116.113	4.32196 | 45.4711	20.023	106.013	-1.05091 | 38.3859	20.007	-50.4448	-0.998775 | 40.5328	21.2335	0.478727	-165.249 | 40.5274	24.277	2.07934	-165.992 | 
34.2075	20	-110.709	2.38814e-08 | 53.7655	20	206.347	-0.000104054 | 30.2323	20.0622	-130.61	-0.811493 | 42.7949	20.0005	42.2997	-0.0327814 | 49.5583	20.0086	169.509	-0.71459 | 32.9515	20.2002	-113.001	1.1335 | 46.0013	20.0179	106.038	-1.01268 | 38.1336	20.0041	-50.4709	-0.57976 | 40.5358	20.4066	0.598537	-165.38 | 40.5362	23.4302	1.74758	-169.361 | 
33.6543	20	-110.64	8.74061e-08 | 54.7952	20	205.94	-5.00967e-05 | 29.5788	20.0579	-130.706	-0.870673 | 43.0076	20.0004	42.5399	-0.0220542 | 50.4057	20.0059	169.493	-0.54027 | 32.3879	20.2022	-112.701	0.400825 | 46.5289	20.012	105.524	-1.17556 | 37.8812	20.0026	-50.4873	-0.294011 | 40.5463	20.2111	2.09898	-39.0967 | 40.5449	22.5588	1.74758	-174.266 | 
33.1085	20	-109.17	-1.61432e-08 | 55.8225	20	205.452	-2.52177e-05 | 28.9254	20.0529	-130.67	-0.984792 | 43.2204	20.0003	42.5603	-0.0144968 | 51.253	20.0041	169.449	-0.374172 | 31.818	20.2031	-113.993	0.181783 | 47.0571	20.0085	105.633	-0.71423 | 37.6261	20.0017	-51.0149	-0.17583 | 40.558	20.0946	2.35002	-23.2988 | 40.5537	21.663	1.74758	-179.171 | 
32.5621	20	-109.264	2.11157e-07 | 56.8471	20	204.914	-1.3337e-05 | 28.2729	20.0488	-130.504	-0.821177 | 43.4353	20.0002	42.9864	-0.0121883 | 52.0997	20.0029	169.355	-0.239115 | 31.2494	20.2006	-113.711	-0.500393 | 47.5847	20.0064	105.511	-0.407992 | 37.3698	20.0011	-51.259	-0.125448 | 40.5748	20.017	3.35115	-15.521 | 40.5641	20.8054	2.08137	-171.52 | 
32.0248	20	-107.472	6.31524e-08 | 57.8688	20	204.357	-7.31967e-06 | 27.6202	20.0445	-130.533	-0.868093 | 43.6504	20.0002	43.0059	-0.0105505 | 52.9472	20.0021	169.496	-0.150648 | 30.673	20.1978	-115.295	-0.554855 | 48.1117	20.0047	105.4	-0.351304 | 37.1135	20.0007	-51.2607	-0.0799439 | 40.6038	20.0041	5.79967	-2.5793 | 40.5798	20.1914	3.14799	-122.793 | 
31.4871	20	-107.541	5.2453e-08 | 58.8879	20	203.809	-4.16064e-06 | 26.9678	20.04	-130.483	-0.900527 | 43.8659	20.0001	43.1032	-0.0080103 | 53.7935	20.0016	169.264	-0.102248 | 30.0962	20.1922	-115.35	-1.1226 | 48.6381	20.0036	105.285	-0.21907 | 36.8572	20.0005	-51.2571	-0.044058 | 40.6924	20	13.6134	1.02004e-06 | 40.5628	20.0138	0.711485	-67.6772 | 
30.9579	20	-105.827	3.92468e-08 | 59.9044	20	203.294	-2.60004e-06 | 26.3183	20.0303	-129.906	-1.94097 | 44.0817	20.0001	43.1593	-0.00549097 | 54.6375	20.0012	168.793	-0.0791026 | 29.5266	20.2149	-113.924	4.53956 | 49.1637	20.0027	105.121	-0.18228 | 36.5984	20.0003	-51.7619	-0.0290423 | 41.1936	20	64.7391	6.00447e-07 | 40.1454	20	-47.9646	-7.15486 | 
30.4238	20	-106.835	1.41716e-08 | 60.9185	20	202.826	-1.46979e-06 | 25.6632	20.0248	-131.011	-1.10367 | 44.2983	20.0001	43.3267	-0.00405941 | 55.481	20.0009	168.701	-0.0627963 | 28.9651	20.2237	-112.305	1.74727 | 49.689	20.0021	105.062	-0.122581 | 36.339	20.0002	-51.8783	-0.0221539 | 41.6195	20	85.172	-3.99083e-07 | 39.7785	20	-73.3871	2.7801e-07 | 
29.8901	20	-106.732	4.31264e-08 | 61.9306	20	202.412	-9.43289e-07 | 25.0084	20.0201	-130.968	-0.928655 | 44.516	20.0001	43.5432	-0.00351214 | 56.3245	20.0006	168.698	-0.0498753 | 28.4059	20.2274	-111.822	0.746454 | 50.2135	20.0016	104.895	-0.0984721 | 36.0794	20.0002	-51.9277	-0.0146598 | 42.0389	20	83.8886	-8.43945e-08 | 39.4065	20	-74.4085	-2.74498e-08 | 
29.3617	20	-105.673	-1.35213e-08 | 62.9408	20	202.054	-6.82942e-07 | 24.3587	20.0212	-129.946	0.207204 | 44.7337	20.0001	43.5438	-0.00308208 | 57.1672	20.0005	168.544	-0.0344064 | 27.8408	20.2302	-113.026	0.559882 | 50.738	20.0012	104.9	-0.0707734 | 35.8198	20.0001	-51.9036	-0.0085629 | 42.4592	20	84.059	6.60293e-08 | 39.0345	20	-74.3929	-5.22602e-08 | 
28.8344	20	-105.475	3.8362e-08 | 63.9496	20	201.75	-5.10491e-07 | 23.7149	20.0196	-128.759	-0.308179 | 44.9527	20	43.7924	-0.00221883 | 58.01	20.0004	168.557	-0.0229346 | 27.2772	20.2285	-112.732	-0.334803 | 51.2618	20.0009	104.775	-0.0548313 | 35.5578	20.0001	-52.4059	-0.00619604 | 42.8808	20	84.3032	-6.09765e-08 | 38.6626	20	-74.3701	3.05997e-08 | 
28.3145	20	-103.962	4.23074e-08 | 64.9571	20	201.496	-3.53978e-07 | 23.0719	20.0181	-128.597	-0.3093 | 45.1715	20	43.7518	-0.00152358 | 58.853	20.0003	168.592	-0.015134 | 26.7065	20.226	-114.134	-0.50689 | 51.786	20.0007	104.832	-0.0418638 | 35.2955	20.0001	-52.4525	-0.00499158 | 43.3026	20	84.3704	-8.11899e-08 | 38.2867	20	-75.1778	-2.59484e-08 | 
27.7948	20	-103.959	6.0687e-08 | 65.9635	20	201.286	-1.7361e-07 | 22.4284	20.0167	-128.701	-0.268795 | 45.3918	20	44.0681	-0.00174833 | 59.6936	20.0002	168.134	-0.0120131 | 26.1368	20.22	-113.941	-1.19296 | 52.3099	20.0006	104.772	-0.0312396 | 35.0326	20	-52.5822	-0.00333055 | 43.7432	20	88.1096	9.73763e-08 | 37.9118	20	-74.985	-2.19466e-08 | 
27.2838	20	-102.192	1.34953e-07 | 66.9691	20	201.115	-5.75433e-08 | 21.7848	20.0152	-128.711	-0.313208 | 45.6131	20	44.2555	-0.00130735 | 60.5334	20.0002	167.962	-0.00986685 | 25.5645	20.2422	-114.458	4.43684 | 52.8342	20.0004	104.86	-0.0252503 | 34.7699	20	-52.5534	-0.00202191 | 44.1812	20	87.6016	3.91494e-08 | 37.5355	20	-75.2728	2.5721e-08 | 
26.7721	20	-102.339	2.1974e-07 | 67.9739	20	200.976	-1.81999e-07 | 21.1424	20.0138	-128.494	-0.279743 | 46.0363	20	84.6385	-0.000178669 | 61.3733	20.0001	167.962	-0.00830247 | 24.9916	20.2507	-114.569	1.70342 | 53.3585	20.0004	104.872	-0.0181146 | 34.5047	20	-53.0416	-0.00160348 | 44.3951	20	42.7818	8.20829e-08 | 37.1586	20	-75.3686	1.69231e-08 | 
26.2615	20	-102.111	1.35565e-08 | 68.9783	20	200.866	4.67143e-09 | 20.4994	20.0125	-128.586	-0.252701 | 46.459	20	84.5493	-0.000255133 | 62.2126	20.0001	167.87	-0.00621164 | 24.4228	20.2531	-113.766	0.477066 | 53.8833	20.0003	104.961	-0.0154795 | 34.2394	20	-53.0436	-0.00135199 | 44.6103	20	43.0371	1.13808e-07 | 36.781	20	-75.5305	-1.53336e-08 | 
25.7503	20	-102.257	-3.27333e-08 | 69.9822	20	200.779	-1.3881e-07 | 20.3696	20.0158	-25.9616	0.650233 | 46.8821	20	84.6164	-0.000259963 | 63.0515	20.0001	167.788	-0.00434374 | 23.8517	20.2536	-114.213	0.0905034 | 54.4085	20.0002	105.034	-0.0106494 | 33.973	20	-53.2812	-0.000886834 | 44.8257	20	43.0853	2.09991e-08 | 36.4001	20	-76.1724	2.02234e-08 | 
25.2411	20	-101.842	1.47002e-08 | 70.9857	20	200.712	5.97465e-08 | 20.272	20.0199	-19.5232	0.832426 | 47.3075	20	85.0899	-0.000208101 | 63.8909	20.0001	167.864	-0.00297262 | 23.2819	20.2517	-113.969	-0.382325 | 54.934	20.0002	105.092	-0.00962477 | 33.7064	20	-53.3242	-0.000570937 | 45.0417	20	43.2055	4.28131e-08 | 36.0199	20	-76.0458	2.273e-08 | 
24.7311	20	-101.988	-3.70605e-08 | 71.989	20	200.661	-6.30179e-08 | 20.2001	20.0252	-14.3714	1.05258 | 47.7327	20	85.0322	-0.000254823 | 64.7286	20	167.556	-0.00231666 | 22.7101	20.2467	-114.356	-0.989426 | 55.4599	20.0001	105.185	-0.0063307 | 33.438	20	-53.6838	-0.000482897 | 45.2583	20	43.3127	-3.36038e-08 | 35.6396	20	-76.0503	-1.29482e-08 | 
24.2226	20	-101.71	-4.63301e-08 | 72.9921	20	200.622	-2.02402e-08 | 20.148	20.0318	-10.4361	1.31318 | 48.1591	20	85.2786	-0.000228338 | 65.5654	20	167.342	-0.00194431 | 22.1393	20.2377	-114.168	-1.79367 | 55.986	20.0001	105.217	-0.0060655 | 33.1696	20	-53.6788	-0.000396237 | 45.4761	20	43.5596	1.87326e-08 | 35.2566	20	-76.5984	3.98373e-08 | 
23.7133	20	-101.854	-5.48225e-08 | 73.9951	20	200.591	5.84463e-08 | 20.1074	20.0405	-8.12342	1.74311 | 48.5849	20	85.1536	-0.000204317 | 66.402	20	167.337	-0.00167467 | 21.5716	20.2569	-113.526	3.83933 | 56.5122	20.0001	105.253	-0.00380148 | 32.8996	20	-53.9981	-0.000260534 | 45.6939	20	43.5599	1.99568e-08 | 34.8738	20	-76.5594	3.4622e-08 | 
23.205	20	-101.668	-2.40533e-08 | 74.9979	20	200.559	-8.89896e-08 | 20.0537	20.0607	-10.727	4.04357 | 49.0107	20	85.167	-0.000219282 | 67.2385	20	167.289	-0.00132683 | 21.041	20.2696	-106.128	2.53012 | 57.0385	20.0001	105.241	-0.00382205 | 32.6288	20	-54.1692	-0.000220432 | 45.9125	20	43.7328	4.17148e-08 | 34.4889	20	-76.9866	-6.16839e-08 | 
22.6959	20	-101.811	-1.4318e-09 | 76.0005	20	200.526	-5.35827e-08 | 20.0281	20.0896	-5.11606	5.77971 | 49.4364	20	85.1376	-0.000164544 | 68.0743	20	167.162	-0.000958012 | 20.5616	20.34	-95.8889	14.0847 | 57.5642	20.0001	105.14	-0.00244093 | 32.3581	20	-54.1272	-0.000176077 | 46.1313	20	43.7595	1.00782e-07 | 34.1028	20	-77.2205	1.81512e-08 | 
22.1864	20	-101.892	-4.45457e-08 | 77.0033	20	200.558	6.00509e-08 | 20.0087	20.1163	-1.15679	6.62561 | 49.8621	20	85.1486	-0.000186248 | 68.9104	20	167.22	-0.000670989 | 20.3461	20.4765	-45.8073	26.0201 | 58.0896	20	105.09	-0.00238428 | 32.0853	20	-54.5636	-0.000128113 | 46.3512	20	43.9639	7.8685e-08 | 33.7157	20	-77.4197	8.54509e-08 | 
21.6762	20	-102.041	-7.9455e-09 | 78.0062	20	200.582	1.33785e-08 | 20	20.1208	2.1339e-07	6.93993 | 50.2889	20	85.3549	-0.000150032 | 69.7454	20	166.995	-0.000520383 | 20.224	20.7111	-30.0958	40.865 | 58.6143	20	104.944	-0.00162763 | 31.7198	20	-73.0938	4.5248e-05 | 46.5714	20	44.0459	-4.90519e-09 | 33.3984	20	-63.4668	2.33828e-08 | 
21.2348	20	-88.2876	1.06776e-07 | 79.0092	20	200.6	1.21023e-07 | 20	20.1637	1.6959e-07	10.0282 | 50.7156	20	85.3466	-0.000147056 | 70.5792	20	166.772	-0.000443981 | 20.1375	21.0355	-17.8389	63.4377 | 59.1387	20	104.871	-0.00152487 | 31.3568	20	-72.6032	3.5992e-05 | 46.7917	20	44.066	-5.15396e-09 | 33.081	20	-63.4755	6.60402e-09 | 
20.8581	20	-75.3357	7.63005e-07 | 79.9735	20	192.852	1.06513e-06 | 20	20.2242	3.95624e-07	12.0934 | 51.1428	20	85.4398	-0.000134678 | 71.4131	20	166.765	-0.000388743 | 20.0865	21.4181	-10.2112	76.5261 | 59.6624	20	104.741	-0.00110301 | 30.9861	20	-74.1492	4.12876e-05 | 47.0129	20	44.2443	3.52316e-07 | 32.7635	20	-63.4983	4.02202e-07 | 
20.6213	20	-47.3636	7.00881e-07 | 80	20	6.95366	2.61083e-06 | 20	20.286	-2.1232e-08	12.3722 | 51.5695	20	85.3405	-0.000112978 | 72.2467	20	166.725	-0.000317905 | 20.0577	21.8353	-5.75583	83.4453 | 60.1857	20	104.657	-0.000991519 | 30.6156	20	-74.0944	9.14995e-06 | 47.2342	20	44.2558	5.47769e-09 | 32.437	20	-65.3029	3.94279e-08 | 
20.4869	20	-27.2969	9.91112e-08 | 80	20	-1.10141e-07	3.01593e-06 | 20	20.3498	5.67186e-08	12.5662 | 51.9962	20	85.3393	-0.000117121 | 73.0796	20	166.582	-0.000234117 | 20.0456	22.2652	-2.42569	85.9775 | 60.7085	20	104.571	-0.000755666 | 30.2469	20	-73.7417	1.17233e-05 | 47.4569	20	44.5327	-3.44685e-08 | 32.1105	20	-65.3059	-4.69099e-08 | 
20.3946	20	-20.5674	1.24874e-07 | 80	20	5.34473e-08	2.44019e-06 | 20	20.4313	3.09792e-08	14.7768 | 52.4231	20	85.3708	-8.45372e-05 | 73.9127	20	166.622	-0.000166381 | 20.036	22.6725	-1.92067	81.4541 | 61.231	20	104.506	-0.000651016 | 29.8735	20	-74.6819	9.66619e-06 | 47.6796	20	44.5353	-9.22134e-08 | 31.7833	20	-65.4328	2.90922e-09 | 
20.3256	20	-15.9623	1.26105e-07 | 80	20	3.62209e-08	3.07263e-06 | 20	20.5303	2.33137e-08	17.4457 | 52.8501	20	85.4001	-9.13092e-05 | 74.7448	20	166.426	-0.000130193 | 20.0287	23.0545	-1.45056	76.4075 | 61.7534	20	104.47	-0.00052008 | 29.5014	20	-74.4194	-1.1446e-05 | 47.903	20	44.6816	-5.50977e-08 | 31.451	20	-66.4521	-8.56578e-08 | 
20.2705	20	-11.9784	1.26635e-07 | 80	20	2.52109e-08	3.82531e-06 | 20	20.6356	1.7433e-08	19.5094 | 53.2781	20	85.5944	-7.16419e-05 | 75.5759	20	166.22	-0.000112707 | 20.024	23.4126	-0.94906	71.6151 | 62.2756	20	104.442	-0.000429475 | 29.1288	20	-74.5231	-1.10022e-05 | 48.1266	20	44.7301	-1.58602e-08 | 31.1188	20	-66.441	-4.68358e-08 | 
20.2275	20	-8.72605	1.24756e-07 | 80	20	1.9381e-08	2.30525e-06 | 20	20.7398	1.24273e-08	20.5068 | 53.7061	20	85.613	-6.71289e-05 | 76.407	20	166.216	-0.000100172 | 20.0197	23.7468	-0.856598	66.8349 | 62.7979	20	104.452	-0.000358766 | 28.7536	20	-75.0442	-1.15651e-05 | 48.3511	20	44.906	-6.94603e-08 | 30.7858	20	-66.6068	2.84841e-08 | 
20.1964	20	-6.22602	1.20822e-07 | 80	20	1.9381e-08	1.12225e-06 | 20	20.841	8.03679e-09	20.2425 | 54.1345	20	85.6777	-6.01789e-05 | 77.2379	20	166.171	-8.24774e-05 | 20.0165	24.0561	-0.630805	61.8538 | 63.3202	20	104.472	-0.0002839 | 28.3793	20	-74.855	-2.46557e-05 | 48.5761	20	44.9837	-8.59653e-08 | 30.4496	20	-67.2384	2.937e-08 | 
20.1747	20	-4.3362	1.29313e-07 | 80	20	1.9381e-08	3.96636e-07 | 20	20.9339	4.01615e-09	18.567 | 54.5625	20	85.5933	-4.84692e-05 | 78.068	20	166.029	-6.13209e-05 | 20.0143	24.3415	-0.445847	57.084 | 63.8428	20	104.513	-0.000247641 | 28.0033	20	-75.2002	-2.5128e-05 | 48.8011	20	45.0061	6.25027e-09 | 30.1135	20	-67.2283	-4.27607e-08 | 
20.1602	20	-2.91047	1.32607e-07 | 80	20	1.9381e-08	2.14719e-05 | 20	21.0116	1.76739e-09	15.5548 | 54.9904	20	85.5848	-4.91508e-05 | 78.897	20	165.802	-4.23794e-05 | 20.0123	24.6035	-0.402484	52.4116 | 64.3657	20	104.581	-0.000187475 | 27.627	20	-75.2569	-2.09847e-05 | 49.027	20	45.1829	3.87216e-09 | 29.7765	20	-67.3967	-6.84547e-08 | 
20.151	20	-1.82723	1.31465e-07 | 80	20	1.9381e-08	3.56533e-05 | 20	21.0695	3.19091e-10	11.578 | 55.4185	20	85.6129	-3.43512e-05 | 79.7189	20	164.375	4.38465e-05 | 20.0106	24.8409	-0.340807	47.4697 | 64.8889	20	104.631	-0.00017094 | 27.2509	20	-75.216	-3.01329e-05 | 49.253	20	45.2058	6.45248e-08 | 29.4374	20	-67.8107	1.29345e-07 | 
20.1461	20	-0.980983	1.26333e-07 | 80	20.1287	-1.35361e-06	8.39118 | 20	21.1067	-2.45592e-10	7.43706 | 55.8467	20	85.6516	-3.60574e-05 | 79.7888	20	39.5403	0.000159192 | 20.0093	25.0533	-0.251005	42.4918 | 65.4125	20	104.735	-0.000123521 | 26.8728	20	-75.6178	-2.79264e-05 | 49.4802	20	45.4421	2.40565e-08 | 29.0984	20	-67.8018	-4.50807e-08 | 
20.1447	20	-0.281004	1.15793e-07 | 80	20.3052	-1.3321e-07	20.5839 | 20	21.1227	-4.07142e-10	3.18974 | 56.2759	20	85.8382	-2.79149e-05 | 79.8371	20	33.7689	1.44085e-07 | 20.0084	25.242	-0.192582	37.7263 | 65.9364	20	104.773	-0.000117906 | 26.4954	20	-75.4775	-2.61444e-05 | 49.7075	20	45.4418	-3.69936e-08 | 28.7587	20	-67.9515	-3.97409e-08 | 
20.1464	20	0.337779	1.0081e-07 | 80	20.5958	-1.19576e-07	40.4271 | 20	21.117	-3.4186e-10	-1.12614 | 56.7053	20	85.8742	-2.5493e-05 | 79.8977	20	21.5859	1.90146e-07 | 20.0075	25.4075	-0.171948	33.1116 | 66.4608	20	104.876	-8.12312e-05 | 26.118	20	-75.4786	-3.13038e-05 | 49.9356	20	45.6311	7.4538e-09 | 28.4177	20	-68.1902	1.49794e-08 | 
20.1511	20	0.929637	8.24261e-08 | 80	20.8897	-7.33242e-08	56.3851 | 20	21.0897	-1.28939e-10	-5.46421 | 57.1349	20	85.9265	-2.25257e-05 | 79.9441	20	9.67977	2.26186e-07 | 20.0067	25.5488	-0.15702	28.2483 | 66.9853	20	104.899	-8.13894e-05 | 25.7391	20	-75.7934	-2.5419e-05 | 50.1639	20	45.651	6.77268e-08 | 28.0768	20	-68.1845	1.3934e-10 | 
20.1588	20	1.54482	6.15976e-08 | 80	21.1979	-6.26196e-09	61.643 | 20	21.0408	2.18056e-10	-9.77528 | 57.5642	20	85.8523	-1.77453e-05 | 79.9634	20	3.87546	2.40777e-07 | 20.006	25.6655	-0.140201	23.3358 | 67.51	20	104.938	-5.32606e-05 | 25.3604	20	-75.7443	-2.60693e-05 | 50.3932	20	45.868	3.31213e-08 | 27.7353	20	-68.3022	-6.59357e-08 | 
20.17	20	2.24008	2.3416e-07 | 80	21.4856	-1.67899e-06	57.5457 | 20	20.9708	1.42718e-09	-14.0165 | 57.9934	20	85.84	-1.76167e-05 | 79.9717	20	1.65042	4.10189e-07 | 20.0054	25.7575	-0.116623	18.4147 | 68.0346	20	104.931	-5.54397e-05 | 24.9813	20	-75.808	-2.64413e-05 | 50.6227	20	45.898	1.532e-07 | 27.3928	20	-68.4934	1.75193e-07 | 
20.1853	20	3.05965	3.76275e-08 | 80	21.7485	4.81675e-07	52.5851 | 20	20.8834	2.05041e-09	-17.4716 | 58.4227	20	85.8654	-1.22023e-05 | 79.975	20	0.666624	2.42315e-07 | 20.005	25.8247	-0.0959324	13.4249 | 68.5588	20	104.836	-3.66705e-05 | 24.6025	20	-75.7693	-2.06084e-05 | 50.8525	20	45.9592	-5.05077e-08 | 27.0503	20	-68.4958	6.62935e-09 | 
20.2064	20	4.22513	-3.12965e-08 | 80	21.9879	3.30783e-07	47.8731 | 20	20.7827	3.06907e-09	-20.143 | 58.8523	20	85.9086	-1.28852e-05 | 79.9755	20	0.0896057	1.31127e-07 | 20.0046	25.8666	-0.078984	8.38455 | 69.0828	20	104.8	-3.73326e-05 | 24.2236	20	-75.7805	-2.31712e-05 | 51.0829	20	46.0831	3.6919e-09 | 26.7075	20	-68.5698	7.43831e-08 | 
20.2348	20	5.68327	-5.37684e-08 | 80	22.2021	2.08714e-07	42.8462 | 20	20.6749	5.10488e-09	-21.5488 | 59.2827	20	86.0934	-9.69989e-06 | 79.9737	20	-0.363008	1.77106e-08 | 20.0042	25.8832	-0.065661	3.3287 | 69.606	20	104.652	-2.61046e-05 | 23.8437	20	-75.9713	-2.02426e-05 | 51.3138	20	46.1756	4.81412e-09 | 26.3637	20	-68.7567	-1.89864e-08 | 
20.2727	20	7.52716	1.21644e-07 | 80	22.3956	1.45117e-07	38.6868 | 20	20.5675	4.56692e-09	-21.6333 | 59.7135	20	86.1461	-8.91397e-06 | 79.9712	20	-0.486525	-7.5122e-09 | 20.004	25.8746	-0.0554003	-1.72597 | 70.1291	20	104.601	-2.54281e-05 | 23.4642	20	-75.8951	-1.7897e-05 | 51.5453	20	46.3077	-3.40609e-08 | 26.0198	20	-68.7776	-6.3756e-08 | 
20.3261	20	9.98874	1.26564e-07 | 80	22.5654	1.21179e-07	33.9774 | 20	20.4707	6.99261e-09	-20.7844 | 60.1444	20	86.1978	-7.70438e-06 | 79.9681	20	-0.616419	-2.54337e-08 | 20.0037	25.8407	-0.0475666	-6.77924 | 70.6513	20	104.456	-1.86824e-05 | 23.0847	20	-75.898	-1.91669e-05 | 51.7769	20	46.3168	-6.83023e-08 | 25.6758	20	-68.8043	6.0579e-08 | 
20.4038	20	13.4165	1.30019e-07 | 80	22.7106	9.71771e-08	29.0344 | 20	20.3893	1.04036e-08	-19.3659 | 60.5751	20	86.137	-6.03716e-06 | 79.9643	20	-0.761875	-3.81103e-08 | 20.0035	25.7816	-0.0416441	-11.8268 | 71.1733	20	104.394	-1.75048e-05 | 22.7044	20	-76.0723	-1.45754e-05 | 52.0095	20	46.5225	-5.5018e-08 | 25.3309	20	-68.9752	-1.70805e-08 | 
20.5092	20	17.9789	1.31412e-07 | 80	22.831	7.01282e-08	24.0701 | 20	20.3175	1.49974e-08	-17.3297 | 61.0057	20	86.1217	-5.96623e-06 | 79.9596	20	-0.938828	-4.79609e-08 | 20.0033	25.6973	-0.0372898	-16.8495 | 71.6947	20	104.283	-1.35545e-05 | 22.3238	20	-76.1074	-1.44021e-05 | 52.2422	20	46.5282	-4.64978e-08 | 24.9858	20	-69.0279	-2.70425e-08 | 
20.6345	20	22.8673	1.29566e-07 | 80	22.9256	5.04926e-08	18.9341 | 20	20.2531	1.98898e-08	-14.2593 | 61.4362	20	86.0964	-4.1861e-06 | 79.9539	20	-1.15889	-5.53858e-08 | 20.0032	25.5882	-0.034313	-21.8234 | 72.2159	20	104.233	-1.20571e-05 | 21.9429	20	-76.1824	-1.42815e-05 | 52.4761	20	46.7816	-4.70146e-08 | 24.6407	20	-69.0134	-1.06933e-07 | 
20.7268	20	18.0245	1.27868e-07 | 80	22.9946	3.69484e-08	13.7916 | 20	20.218	2.19414e-08	-7.18873 | 61.8669	20	86.1354	-4.25652e-06 | 79.9467	20	-1.43463	-6.0392e-08 | 20.003	25.4545	-0.0326437	-26.7431 | 72.7367	20	104.166	-9.73399e-06 | 21.6521	20	-58.16	3.22037e-05 | 52.71	20	46.7817	-2.96337e-08 | 24.295	20	-69.1379	3.971e-08 | 
20.7884	20	12.3116	1.15542e-07 | 80	23.0387	2.69337e-08	8.82983 | 20	20.1995	9.11687e-09	-3.69245 | 62.2985	20	86.3235	-3.16783e-06 | 79.9378	20	-1.78244	-6.31024e-08 | 20.0028	25.2963	-0.0308796	-31.6448 | 73.2574	20	104.145	-8.32873e-06 | 21.4301	20	-44.4038	5.31713e-05 | 52.9448	20	46.9701	-3.97787e-08 | 23.9488	20	-69.2334	1.68138e-08 | 
20.8121	20	6.01311	1.11335e-07 | 80	23.0593	2.17461e-08	4.10404 | 20	20.1918	3.41317e-09	-1.53411 | 62.7305	20	86.3914	-2.91839e-06 | 79.9266	20	-2.22372	-6.37325e-08 | 20.0027	25.1136	-0.0266044	-36.5402 | 73.7781	20	104.123	-6.94373e-06 | 21.2651	20	-34.2603	7.93195e-05 | 53.1798	20	46.9887	9.72745e-08 | 23.6028	20	-69.2047	1.26996e-08 | 
20.7567	20	0.149409	1.09934e-07 | 80	23.0563	1.76603e-08	-0.589804 | 20	20.1917	6.30203e-10	-0.0379146 | 63.1627	20	86.4548	-2.42725e-06 | 79.9127	20	-2.78632	-6.25639e-08 | 20.0026	24.9066	-0.0217532	-41.3966 | 74.2988	20	104.14	-5.66994e-06 | 21.1667	20	-30.902	0.000114549 | 53.4158	20	47.2089	2.83605e-08 | 23.2565	20	-69.2637	-3.85409e-08 | 
20.6583	20	-5.03914	1.09636e-07 | 80	23.0297	1.43514e-08	-5.31899 | 20	20.1987	-4.8464e-10	1.41298 | 63.5948	20	86.4134	-1.90451e-06 | 79.8952	20	-3.50648	-5.99156e-08 | 20.0025	24.6747	-0.0188879	-46.3817 | 74.8195	20	104.154	-4.95945e-06 | 21.0868	20	-30.6247	0.00017475 | 53.6519	20	47.2253	1.80024e-08 | 22.9095	20	-69.4082	1.82253e-08 | 
20.5515	20	-8.61938	1.09891e-07 | 80	22.9791	1.16573e-08	-10.1287 | 20	20.2138	8.15739e-10	2.88937 | 64.0268	20	86.3971	-1.90223e-06 | 79.873	20	-4.43096	-5.61161e-08 | 20.0024	24.4179	-0.0185984	-51.3513 | 75.3406	20	104.213	-3.88831e-06 | 21.008	20	-28.8986	0.0002496 | 53.8886	20	47.3227	-1.79606e-08 | 22.5523	20	-71.4259	3.74414e-08 | 
20.4582	20	-10.4147	1.1063e-07 | 80	22.9036	9.64382e-09	-15.1011 | 20	20.2414	3.33884e-09	4.46998 | 64.4585	20	86.3456	-1.21058e-06 | 79.8449	20	-5.61946	-5.14785e-08 | 20.0023	24.1367	-0.01791	-56.2476 | 75.8619	20	104.251	-3.54204e-06 | 20.9376	20	-25.0369	0.000281888 | 54.1256	20	47.4082	-4.49134e-08 | 22.1919	20	-72.0884	-4.18549e-08 | 
20.3889	20	-10.5227	1.11672e-07 | 80	22.8025	8.36343e-09	-20.2135 | 20	20.2876	-2.32881e-08	6.12508 | 64.8904	20	86.3693	-1.37767e-06 | 79.8092	20	-7.14686	-4.62805e-08 | 20.0023	23.831	-0.0144438	-61.137 | 76.3836	20	104.346	-2.69669e-06 | 20.8667	20	-23.451	7.24635e-05 | 54.3634	20	47.5532	-2.64403e-08 | 21.8313	20	-72.1209	3.43801e-09 | 
20.3142	20	-12.7707	1.12728e-07 | 80	22.6759	7.43316e-09	-25.3127 | 20	20.3674	1.0972e-08	10.6175 | 65.3232	20	86.5591	-9.45731e-07 | 79.7637	20	-9.10461	-4.07496e-08 | 20.0022	23.5004	-0.0130394	-66.1142 | 76.9055	20	104.387	-2.54599e-06 | 20.7593	20	-30.8654	0.000269671 | 54.6014	20	47.6161	-4.67206e-08 | 21.5546	20	-55.3348	1.9008e-07 | 
20.2319	20	-10.4708	1.16412e-07 | 80	22.5244	6.83057e-09	-30.3059 | 20	20.4755	2.29631e-08	14.7905 | 65.7564	20	86.6373	-9.27872e-07 | 79.7057	20	-11.5998	-3.50553e-08 | 20.0021	23.1453	-0.0137817	-71.0193 | 77.428	20	104.501	-1.84191e-06 | 20.6677	20	-30.1473	0.000393946 | 54.8397	20	47.6514	-3.44275e-08 | 21.2916	20	-52.6082	2.45948e-07 | 
20.1462	20	-7.24066	1.17482e-07 | 80	22.3483	6.55067e-09	-35.2159 | 20	20.6024	2.42994e-08	19.9572 | 66.19	20	86.7254	-7.69267e-07 | 79.6317	20	-14.7889	-2.9677e-08 | 20.0021	22.7657	-0.0109802	-75.9242 | 77.9507	20	104.532	-1.76279e-06 | 20.5784	20	-28.6558	0.000592454 | 55.0787	20	47.8024	-2.74334e-08 | 21.0545	20	-49.17	1.11202e-07 | 
20.0665	20	-3.53484	1.17595e-07 | 80	22.1478	4.43659e-09	-40.1157 | 20	20.74	2.34483e-08	25.6815 | 66.6235	20	86.7111	-5.82193e-07 | 79.5409	20	-18.1696	-1.98356e-08 | 20.002	22.3611	-0.0103716	-80.9181 | 78.4738	20	104.628	-1.40887e-06 | 20.4701	20	-24.9882	0.000960552 | 55.3181	20	47.8774	-1.92588e-07 | 20.874	20	-45.6126	1.12803e-07 | 
20	20.0079	3.80791e-08	0.272307 | 80	21.9237	4.46907e-09	-44.8198 | 20	20.8939	2.90274e-08	30.7518 | 67.057	20	86.6954	-6.42553e-07 | 79.5698	20	5.77856	1.41416e-07 | 20.0019	21.932	-0.0137175	-85.8225 | 78.6203	20	29.2924	1.26142e-06 | 20.3726	20	-19.5383	0.0016014 | 55.5581	20	48.0052	2.92173e-08 | 20.7525	20	-39.463	4.09894e-08 | 
